Time(s);Current(A)
1.38000e-05;-0.0005191068941047053
1.38003e-05;-0.0004896546067198717
1.38005e-05;-0.00046020231933483846
1.38008e-05;-0.00043075003194980525
1.38010e-05;-0.00040209451780212987
1.38013e-05;-0.0003738644231408146
1.38015e-05;-0.0003456343284794993
1.38018e-05;-0.0003187437875836649
1.38020e-05;-0.00029256847185897913
1.38023e-05;-0.00026755330373986076
1.38025e-05;-0.00024409825310333752
1.38028e-05;-0.00022221156494720194
1.38030e-05;-0.00020212108194347803
1.38033e-05;-0.00018422640621946885
1.38035e-05;-0.00016906874388980593
1.38038e-05;-0.00015701131248377408
1.38040e-05;-0.00014813893631646723
1.38043e-05;-0.0001424341532702648
1.38045e-05;-0.0001398723022703894
1.38048e-05;-0.00014042869442564237
1.38050e-05;-0.00014410080997697254
1.38053e-05;-0.00015099373545919705
1.38055e-05;-0.00016130125301712963
1.38058e-05;-0.00017510560353263072
1.38060e-05;-0.00019231463720464982
1.38063e-05;-0.0002127721652741055
1.38065e-05;-0.00023631746248130048
1.38068e-05;-0.0002627898073438992
1.38070e-05;-0.00029204240549988417
1.38073e-05;-0.00032399582074600923
1.38075e-05;-0.00035862619777645566
1.38078e-05;-0.000395839796032442
1.38080e-05;-0.00043610241034155073
1.38083e-05;-0.00047752180314244064
1.38085e-05;-0.0005212955958431836
1.38088e-05;-0.0005663264684135343
1.38090e-05;-0.0006134494304466383
1.38093e-05;-0.0006616894174797471
1.38095e-05;-0.000709929404512529
1.38098e-05;-0.000759608621021321
1.38100e-05;-0.0008100562823474843
1.38103e-05;-0.0008605039436733058
1.38105e-05;-0.0009109516049994692
1.38108e-05;-0.0009610284372581988
1.38110e-05;-0.0010090351667911485
1.38113e-05;-0.0010570418963244234
1.38115e-05;-0.0011050486258576983
1.38118e-05;-0.001153055355390648
1.38120e-05;-0.0011969375963195728
1.38123e-05;-0.0012386176575779485
1.38125e-05;-0.0012802977188360418
1.38128e-05;-0.0013164696498644424
1.38130e-05;-0.0013497006363105846
1.38133e-05;-0.0013829316227565015
1.38135e-05;-0.0014104463028119499
1.38138e-05;-0.0014349088872180873
1.38140e-05;-0.001454502517342445
1.38143e-05;-0.0014714964767767755
1.38145e-05;-0.001483467683537311
1.38148e-05;-0.0014927571023501207
1.38150e-05;-0.0014968842001480507
1.38153e-05;-0.0014982549905625674
1.38155e-05;-0.0014944979156591763
1.38158e-05;-0.001488002930231447
1.38160e-05;-0.0014754810438311783
1.38163e-05;-0.0014597412266589606
1.38165e-05;-0.001444001409486636
1.38168e-05;-0.0014216205982302763
1.38170e-05;-0.001395693974737019
1.38173e-05;-0.001369767351243586
1.38175e-05;-0.0013380666916233551
1.38178e-05;-0.0013032831128351144
1.38180e-05;-0.0012684995340471092
1.38183e-05;-0.0012291725592484166
1.38185e-05;-0.0011874197384138991
1.38188e-05;-0.0011456669175796644
1.38190e-05;-0.0011001750548997357
1.38193e-05;-0.0010526868133398063
1.38195e-05;-0.0010051985717801988
1.38198e-05;-0.0009577103302202695
1.38200e-05;-0.0009099097922102635
1.38203e-05;-0.0008603659018328857
1.38205e-05;-0.0008108220114551721
1.38208e-05;-0.0007612781210774586
1.38210e-05;-0.0007117342307000807
1.38213e-05;-0.0006639052153742227
1.38215e-05;-0.000616991819738439
1.38218e-05;-0.0005700784241029732
1.38220e-05;-0.0005259278213466172
1.38223e-05;-0.0004832523508789603
1.38225e-05;-0.0004428762289870634
1.38228e-05;-0.0004055460145861841
1.38230e-05;-0.00037114907502923237
1.38233e-05;-0.0003395639322421024
1.38235e-05;-0.0003102318204238334
1.38238e-05;-0.000282723188289343
1.38240e-05;-0.00025702058374988323
1.38243e-05;-0.00023327522662519812
1.38245e-05;-0.00021165130488753507
1.38248e-05;-0.00019231297049346658
1.38250e-05;-0.00017538065368582256
1.38253e-05;-0.00016073678484431272
1.38255e-05;-0.00014798986344432766
1.38258e-05;-0.00013682939351010424
1.38260e-05;-0.0001272029970943786
1.38263e-05;-0.00011916398777918452
1.38265e-05;-0.00011277377529055331
1.38268e-05;-0.0001080937399286739
1.38270e-05;-0.00010515787103446307
1.38273e-05;-0.0001038510774543288
1.38275e-05;-0.00010388669509869062
1.38278e-05;-0.00010502881036868872
1.38280e-05;-0.00010720322742958087
1.38283e-05;-0.00011040194600151134
1.38285e-05;-0.00011462203640614607
1.38288e-05;-0.00011986054745911921
1.38290e-05;-0.00012609737063419527
1.38293e-05;-0.0001334065664307857
1.38295e-05;-0.00014110468965760711
1.38298e-05;-0.0001493850069647321
1.38300e-05;-0.00015797617395321294
1.38303e-05;-0.00016707441300106
1.38305e-05;-0.00017644339198509307
1.38308e-05;-0.00018581237096912612
1.38310e-05;-0.0001954110238811813
1.38313e-05;-0.00020513230611878984
1.38315e-05;-0.00021485358835639836
1.38318e-05;-0.00022441315347199525
1.38320e-05;-0.00023306995479526862
1.38323e-05;-0.00024172675611854196
1.38325e-05;-0.00025038355744175667
1.38328e-05;-0.0002580346939496715
1.38330e-05;-0.0002651488779222612
1.38333e-05;-0.00027125167524369827
1.38335e-05;-0.0002756136004571423
1.38338e-05;-0.0002779505824433082
1.38340e-05;-0.00027818915495344176
1.38343e-05;-0.0002763838619273204
1.38345e-05;-0.00027259851922215933
1.38348e-05;-0.00026689696038110887
1.38350e-05;-0.0002593133268615942
1.38353e-05;-0.00024973095703792453
1.38355e-05;-0.0002378880276709475
1.38358e-05;-0.0002236348200293932
1.38360e-05;-0.00020703201655147672
1.38363e-05;-0.00018822047048089405
1.38365e-05;-0.00016734687460999407
1.38368e-05;-0.00014455790782251274
1.38370e-05;-0.0001199816307086947
1.38373e-05;-9.365162770706664e-05
1.38375e-05;-6.551058786730653e-05
1.38378e-05;-3.5571420628588725e-05
1.38380e-05;-3.9788217425818526e-06
1.38383e-05;2.907229668128023e-05
1.38385e-05;6.338338506518952e-05
1.38388e-05;9.875591676454745e-05
1.38390e-05;0.00013523522181311948
1.38393e-05;0.00017212103818418784
1.38395e-05;0.00020995150542872014
1.38398e-05;0.0002482863481612068
1.38400e-05;0.0002866211908936934
1.38403e-05;0.0003250622056182096
1.38405e-05;0.0003635599085352937
1.38408e-05;0.0004020576114523778
1.38410e-05;0.00043938304908499546
1.38413e-05;0.0004760825815385871
1.38415e-05;0.0005127821139921787
1.38418e-05;0.0005477118202070908
1.38420e-05;0.000581696566758232
1.38423e-05;0.0006135523458793401
1.38425e-05;0.000644271409822384
1.38428e-05;0.0006722630473070585
1.38430e-05;0.000698798435622155
1.38433e-05;0.0007236613375727497
1.38435e-05;0.0007476312523367532
1.38438e-05;0.000771601167100919
1.38440e-05;0.0007955058754588626
1.38443e-05;0.0008193757682949952
1.38445e-05;0.0008432456611312896
1.38448e-05;0.000867115553967584
1.38450e-05;0.0008909854468037167
1.38453e-05;0.0009149983449747496
1.38455e-05;0.0009398095509369144
1.38458e-05;0.0009646207568989111
1.38460e-05;0.0009894319628610758
1.38463e-05;0.0010142431688232407
1.38465e-05;0.0010390543747852375
1.38468e-05;0.0010654503332410852
1.38470e-05;0.0010926924353192474
1.38473e-05;0.0011199345373972248
1.38475e-05;0.0011471766394753869
1.38478e-05;0.001174418741553549
1.38480e-05;0.0012016608436315266
1.38483e-05;0.0012289029457096888
1.38485e-05;0.001256145047787851
1.38488e-05;0.0012840955977025475
1.38490e-05;0.0013124244077061336
1.38493e-05;0.0013407532177097197
1.38495e-05;0.0013690820277131137
1.38498e-05;0.0013974108377166998
1.38500e-05;0.001425739647720286
1.38503e-05;0.0014540684577236801
1.38505e-05;0.0014823972677272662
1.38508e-05;0.001508334644462604
1.38510e-05;0.0015329951681772008
1.38513e-05;0.0015576556918919645
1.38515e-05;0.0015823162156067283
1.38518e-05;0.001606976739321492
1.38520e-05;0.0016316372630360888
1.38523e-05;0.0016562977867508526
1.38525e-05;0.001674554494744232
1.38528e-05;0.0016893920266492207
1.38530e-05;0.0017042295585543098
1.38533e-05;0.0017190670904593988
1.38535e-05;0.0017339046223643873
1.38538e-05;0.0017487421542694765
1.38540e-05;0.0017635796861745657
1.38543e-05;0.0017708936753264859
1.38545e-05;0.001774190634850854
1.38548e-05;0.0017774875943752223
1.38550e-05;0.0017758898716875482
1.38553e-05;0.0017716787414459858
1.38555e-05;0.0017674676112044232
1.38558e-05;0.0017582239506648855
1.38560e-05;0.0017462932816278544
1.38563e-05;0.001734362612590823
1.38565e-05;0.0017179019048198523
1.38568e-05;0.0016990224828332128
1.38570e-05;0.0016801430608465733
1.38573e-05;0.0016553089623319503
1.38575e-05;0.0016272954956894972
1.38578e-05;0.0015992820290470441
1.38580e-05;0.0015712685624047807
1.38583e-05;0.0015432550957623276
1.38585e-05;0.0015152416291198745
1.38588e-05;0.0014861017147183337
1.38590e-05;0.0014506735592181783
1.38593e-05;0.001415245403718023
1.38595e-05;0.001379817248218108
1.38598e-05;0.0013443890927179528
1.38600e-05;0.0013089609372177976
1.38603e-05;0.0012735327817176422
1.38605e-05;0.0012380329062295322
1.38608e-05;0.0012024947374361572
1.38610e-05;0.0011669565686427824
1.38613e-05;0.0011314183998496483
1.38615e-05;0.0010958802310562735
1.38618e-05;0.0010613587902540394
1.38620e-05;0.0010325130948988356
1.38623e-05;0.0010036673995434365
1.38625e-05;0.0009748217041880375
1.38628e-05;0.0009459760088328338
1.38630e-05;0.0009171303134774347
1.38633e-05;0.0008931299292432623
1.38635e-05;0.0008717165919593291
1.38638e-05;0.000850303254675251
1.38640e-05;0.0008311187987526915
1.38643e-05;0.0008131244048478096
1.38645e-05;0.0007951300109428057
1.38648e-05;0.0007799360151976611
1.38650e-05;0.0007662372302528421
1.38653e-05;0.0007525384453079304
1.38655e-05;0.0007409041688232967
1.38658e-05;0.0007303721910730071
1.38660e-05;0.0007198402133226461
1.38663e-05;0.0007110528904309679
1.38665e-05;0.0007031970875013714
1.38668e-05;0.0006953412845717216
1.38670e-05;0.0006902718622528515
1.38673e-05;0.0006866901663733702
1.38675e-05;0.0006831084704938647
1.38678e-05;0.000679526774614359
1.38680e-05;0.0006759450787348777
1.38683e-05;0.0006723633828553721
1.38685e-05;0.0006687816869758665
1.38688e-05;0.0006657623994269482
1.38690e-05;0.0006658826797374592
1.38693e-05;0.000666002960047971
1.38695e-05;0.0006661232403584828
1.38698e-05;0.0006662435206689938
1.38700e-05;0.0006663638009795056
1.38703e-05;0.0006664840812900174
1.38705e-05;0.0006666043616005284
1.38708e-05;0.000667682214303272
1.38710e-05;0.0006692713416538723
1.38713e-05;0.000670860469004462
1.38715e-05;0.0006724495963550623
1.38718e-05;0.0006740387237056627
1.38720e-05;0.0006756278510562523
1.38723e-05;0.0006767569113686077
1.38725e-05;0.0006776403290382924
1.38728e-05;0.0006785237467079711
1.38730e-05;0.0006794071643776557
1.38733e-05;0.0006802905820473404
1.38735e-05;0.0006811739997170191
1.38738e-05;0.0006796022339418357
1.38740e-05;0.0006767195771452978
1.38743e-05;0.0006738369203487794
1.38745e-05;0.0006688145571776628
1.38748e-05;0.0006626497450052103
1.38750e-05;0.0006564849328327994
1.38753e-05;0.0006479709099870257
1.38755e-05;0.0006382025779427421
1.38758e-05;0.0006284342458985248
1.38760e-05;0.000616006020056752
1.38763e-05;0.0006021576026181854
1.38765e-05;0.0005883091851797126
1.38768e-05;0.0005723209728240855
1.38770e-05;0.0005551902641917156
1.38773e-05;0.0005380595555593457
1.38775e-05;0.0005188725539498109
1.38778e-05;0.000498587640081478
1.38780e-05;0.0004783027262131451
1.38783e-05;0.0004564055412327559
1.38785e-05;0.00043364751967008523
1.38788e-05;0.00041088949810741453
1.38790e-05;0.0003870774171332567
1.38793e-05;0.0003627025443961582
1.38795e-05;0.0003383276716590597
1.38798e-05;0.0003139527989221264
1.38800e-05;0.00028924715339095615
1.38803e-05;0.0002643648990255902
1.38805e-05;0.00023948264466039284
1.38808e-05;0.0002146003902950269
1.38810e-05;0.00019036168524652828
1.38813e-05;0.00016646658915467097
1.38815e-05;0.0001431424169421371
1.38818e-05;0.00012059711314144807
1.38820e-05;9.888159281880197e-05
1.38823e-05;7.815546592108673e-05
1.38825e-05;5.8579468643511784e-05
1.38828e-05;4.031430665018993e-05
1.38830e-05;2.341397981772139e-05
1.38833e-05;7.3714354118271184e-06
1.38835e-05;-8.912823211176723e-06
1.38838e-05;-2.6233779158235338e-05
1.38840e-05;-4.4690372783553295e-05
1.38843e-05;-6.410770791819893e-05
1.38845e-05;-8.42904844135265e-05
1.38848e-05;-0.00010504344259991018
1.38850e-05;-0.0001262381697601215
1.38853e-05;-0.0001480976891614607
1.38855e-05;-0.000171216079837247
1.38858e-05;-0.00019599663937937918
1.38860e-05;-0.0002224066313182014
1.38863e-05;-0.0002502417977961265
1.38865e-05;-0.00027928512103596716
1.38868e-05;-0.0003095682916718202
1.38870e-05;-0.00034030295526819696
1.38873e-05;-0.0003722921591413267
1.38875e-05;-0.0004049511971111119
1.38878e-05;-0.0004395517453038652
1.38880e-05;-0.00047518892003684833
1.38883e-05;-0.00051082609476959
1.38885e-05;-0.0005479529850901699
1.38888e-05;-0.0005858752761752939
1.38890e-05;-0.000623797567260161
1.38893e-05;-0.000661719858345285
1.38895e-05;-0.000699642149430409
1.38898e-05;-0.0007378425450442422
1.38900e-05;-0.0007761914284346689
1.38903e-05;-0.0008145403118250955
1.38905e-05;-0.0008528891952152623
1.38908e-05;-0.0008912380786056889
1.38910e-05;-0.0009275570243386929
1.38913e-05;-0.0009627921296536775
1.38915e-05;-0.0009980272349689007
1.38918e-05;-0.001033262340284124
1.38920e-05;-0.0010648698640574536
1.38923e-05;-0.0010945405207161626
1.38925e-05;-0.0011242111773748717
1.38928e-05;-0.0011538818340333797
1.38930e-05;-0.0011787868655586673
1.38933e-05;-0.0012011473967062367
1.38935e-05;-0.0012185531758547908
1.38938e-05;-0.0012291070714098994
1.38940e-05;-0.0012332683001268527
1.38943e-05;-0.0012311761015266114
1.38945e-05;-0.0012229953550768392
1.38948e-05;-0.0012088908695012848
1.38950e-05;-0.0011889466216837776
1.38953e-05;-0.0011628372108611338
1.38955e-05;-0.001129849288177278
1.38958e-05;-0.0010895867015469868
1.38960e-05;-0.0010422343572745556
1.38963e-05;-0.0009881975589061138
1.38965e-05;-0.0009278975932307853
1.38968e-05;-0.0008617556914051175
1.38970e-05;-0.0007901423471339443
1.38973e-05;-0.0007131717110340733
1.38975e-05;-0.0006307149226786718
1.38978e-05;-0.0005428418557635743
1.38980e-05;-0.00044998628457781356
1.38983e-05;-0.0003527200149328508
1.38985e-05;-0.0002516248425286317
1.38988e-05;-0.00014728251024647354
1.38990e-05;-4.024293875350596e-05
1.38993e-05;6.910460846786692e-05
1.38995e-05;0.00018052301833319218
1.38998e-05;0.00029392010998119655
1.39000e-05;0.00040800153743614497
1.39003e-05;0.0005220829648910933
1.39005e-05;0.0006361643923452687
1.39008e-05;0.0007502458198002172
1.39010e-05;0.00086177109811454
1.39013e-05;0.0009719315993219498
1.39015e-05;0.001078438051093745
1.39018e-05;0.0011829935038019
1.39020e-05;0.0012822055533557026
1.39023e-05;0.0013785646107076495
1.39025e-05;0.0014676423596297818
1.39028e-05;0.0015528324145903307
1.39030e-05;0.0016296214268612544
1.39033e-05;0.0017019248877721707
1.39035e-05;0.0017687225332131832
1.39038e-05;0.001832580469978749
1.39040e-05;0.001890547279438487
1.39043e-05;0.0019453686514706524
1.39045e-05;0.0020001900235024463
1.39048e-05;0.0020461593171467465
1.39050e-05;0.002087402238871662
1.39053e-05;0.0021286451605962977
1.39055e-05;0.002163291106534773
1.39058e-05;0.002194414742825204
1.39060e-05;0.002225538379115424
1.39063e-05;0.0022510653173432923
1.39065e-05;0.002273604022140918
1.39068e-05;0.0022961427269383907
1.39070e-05;0.002309471040662284
1.39073e-05;0.0023178816693144983
1.39075e-05;0.0023262922979666555
1.39078e-05;0.00233470292661887
1.39080e-05;0.0023431135552710843
1.39083e-05;0.0023515241839232415
1.39085e-05;0.002359934812575456
1.39088e-05;0.0023683454412276703
1.39090e-05;0.0023689011765516705
1.39093e-05;0.002365262964913929
1.39095e-05;0.0023616247532761876
1.39098e-05;0.0023579865416384705
1.39100e-05;0.002354348330000729
1.39103e-05;0.0023507101183629876
1.39105e-05;0.002347071906725271
1.39108e-05;0.002343433695087529
1.39110e-05;0.002337631149601006
1.39113e-05;0.00233067300581541
1.39115e-05;0.0023237148620298613
1.39118e-05;0.0023167567182442654
1.39120e-05;0.0023097985744586695
1.39123e-05;0.002302840430673121
1.39125e-05;0.002295882286887525
1.39128e-05;0.002288924143101929
1.39130e-05;0.002280927623002538
1.39133e-05;0.002272376684783706
1.39135e-05;0.002263825746564874
1.39138e-05;0.0022552748083460995
1.39140e-05;0.0022467238701272675
1.39143e-05;0.0022381729319084355
1.39145e-05;0.0022296219936896616
1.39148e-05;0.0022210710554708296
1.39150e-05;0.002206484830042234
1.39153e-05;0.0021886761961858793
1.39155e-05;0.002170867562329404
1.39158e-05;0.0021530589284729285
1.39160e-05;0.002135250294616574
1.39163e-05;0.002117441660760099
1.39165e-05;0.0020996330269036235
1.39168e-05;0.0020818243930472687
1.39170e-05;0.0020640157591907933
1.39173e-05;0.002046207125334318
1.39175e-05;0.0020224608034454363
1.39178e-05;0.001995544184055187
1.39180e-05;0.0019686275646649378
1.39183e-05;0.001941710945274871
1.39185e-05;0.0019147943258846218
1.39188e-05;0.0018878777064943726
1.39190e-05;0.0018609610871043057
1.39193e-05;0.0018340444677140565
1.39195e-05;0.0018071278483238072
1.39198e-05;0.001780211228933558
1.39200e-05;0.0017525151496867021
1.39203e-05;0.0017244028950490096
1.39205e-05;0.001696290640411317
1.39208e-05;0.0016681783857738148
1.39210e-05;0.001640066131136122
1.39213e-05;0.0016119538764984293
1.39215e-05;0.0015838416218609272
1.39218e-05;0.0015599324960543395
1.39220e-05;0.001538267538139306
1.39223e-05;0.0015166025802244192
1.39225e-05;0.0014949376223093854
1.39228e-05;0.001473272664394352
1.39230e-05;0.0014516077064794651
1.39233e-05;0.0014299427485644316
1.39235e-05;0.0014137681039455756
1.39238e-05;0.0014005248909601696
1.39240e-05;0.0013872816779746738
1.39243e-05;0.001377810857853791
1.39245e-05;0.001370354223660166
1.39248e-05;0.0013628975894664902
1.39250e-05;0.0013593923052597748
1.39253e-05;0.0013579967571868271
1.39255e-05;0.00135660120911387
1.39258e-05;0.0013589518453137038
1.39260e-05;0.0013633026739414394
1.39263e-05;0.0013676535025692043
1.39265e-05;0.0013776972421122525
1.39268e-05;0.0013907805858167054
1.39270e-05;0.0014038639295212469
1.39273e-05;0.0014169472732257883
1.39275e-05;0.0014300306169302414
1.39278e-05;0.0014431139606347829
1.39280e-05;0.0014561973043393244
1.39283e-05;0.0014705330959124219
1.39285e-05;0.0014918605070473152
1.39288e-05;0.0015131879181823529
1.39290e-05;0.0015345153293173906
1.39293e-05;0.001555842740452284
1.39295e-05;0.0015771701515873216
1.39298e-05;0.0015984975627223593
1.39300e-05;0.0016198249738572526
1.39303e-05;0.0016422236687733847
1.39305e-05;0.0016651943520252027
1.39308e-05;0.0016881650352768651
1.39310e-05;0.001711135718528683
1.39313e-05;0.001734106401780501
1.39315e-05;0.0017570770850321635
1.39318e-05;0.0017772659008148054
1.39320e-05;0.0017959693998476109
1.39323e-05;0.0018146728988802895
1.39325e-05;0.0018333763979130947
1.39328e-05;0.0018520798969459001
1.39330e-05;0.0018707833959785787
1.39333e-05;0.0018835501556499306
1.39335e-05;0.0018931471243405066
1.39338e-05;0.0019027440930310174
1.39340e-05;0.0019052197117171942
1.39343e-05;0.0019038930427096484
1.39345e-05;0.0019025663737021116
1.39348e-05;0.0018943518034213265
1.39350e-05;0.0018824595902456056
1.39353e-05;0.0018705673770699652
1.39355e-05;0.0018508763875650486
1.39358e-05;0.0018270214135286333
1.39360e-05;0.0018031664394923795
1.39363e-05;0.0017718885648581467
1.39365e-05;0.0017366473962449117
1.39368e-05;0.0017014062276316765
1.39370e-05;0.0016598427927891012
1.39373e-05;0.0016149037234012879
1.39375e-05;0.0015699646540134745
1.39378e-05;0.0015191968545145078
1.39380e-05;0.0014653169331899567
1.39383e-05;0.0014114370118654056
1.39385e-05;0.0013534169172636683
1.39388e-05;0.0012931862684977071
1.39390e-05;0.0012329556197317457
1.39393e-05;0.0011698967546397256
1.39395e-05;0.0011053278258475842
1.39398e-05;0.0010407588970554429
1.39400e-05;0.000976189968263739
1.39403e-05;0.0009112952661690162
1.39405e-05;0.0008462266246079327
1.39408e-05;0.0007811579830472902
1.39410e-05;0.0007160893414862067
1.39413e-05;0.0006531366800596633
1.39415e-05;0.0005913137995349403
1.39418e-05;0.0005320226253430766
1.39420e-05;0.00047408319988301377
1.39423e-05;0.0004187134275594576
1.39425e-05;0.0003667990960897284
1.39428e-05;0.00031835833068493997
1.39430e-05;0.00027363039802532637
1.39433e-05;0.00023186382209931683
1.39435e-05;0.00019123765652408688
1.39438e-05;0.00015041875272167124
1.39440e-05;0.00010926450772720578
1.39443e-05;6.810500565171048e-05
1.39445e-05;2.730577448706719e-05
1.39448e-05;-1.2767725470035565e-05
1.39450e-05;-5.186706054705716e-05
1.39453e-05;-9.03643427160441e-05
1.39455e-05;-0.0001293015499701292
1.39458e-05;-0.00016941503872668027
1.39460e-05;-0.0002109388976461011
1.39463e-05;-0.00025296696068092075
1.39465e-05;-0.00029554202213590366
1.39468e-05;-0.0003384091413271181
1.39470e-05;-0.000381502151510999
1.39473e-05;-0.00042471577120635446
1.39475e-05;-0.00046792939090171
1.39478e-05;-0.000512878981385629
1.39480e-05;-0.0005587554551666891
1.39483e-05;-0.0006046319289477492
1.39485e-05;-0.0006505084027284985
1.39488e-05;-0.0006963848765095586
1.39490e-05;-0.0007422545251237373
1.39493e-05;-0.0007880860731734727
1.39495e-05;-0.0008339176212235187
1.39498e-05;-0.0008797491692735647
1.39500e-05;-0.0009255807173233
1.39503e-05;-0.000971412265373346
1.39505e-05;-0.001014974199965724
1.39508e-05;-0.001057324324533184
1.39510e-05;-0.0010996744491009313
1.39513e-05;-0.0011420245736686785
1.39515e-05;-0.0011843746982361386
1.39518e-05;-0.0012218500854365003
1.39520e-05;-0.0012567227141849172
1.39523e-05;-0.001291595342933098
1.39525e-05;-0.0013264679716815148
1.39528e-05;-0.0013613406004299316
1.39530e-05;-0.0013904991920146068
1.39533e-05;-0.0014166068995411416
1.39535e-05;-0.0014366499869819767
1.39538e-05;-0.001453455004349039
1.39540e-05;-0.0014633962040152646
1.39543e-05;-0.0014696726196762634
1.39545e-05;-0.0014692614046421335
1.39548e-05;-0.0014652794767667176
1.39550e-05;-0.0014546030118780262
1.39553e-05;-0.0014403521466718556
1.39555e-05;-0.0014186262546114247
1.39558e-05;-0.001392909236904941
1.39560e-05;-0.0013598641223647318
1.39563e-05;-0.0013229063322211941
1.39565e-05;-0.0012793783567372112
1.39568e-05;-0.0012323423757675438
1.39570e-05;-0.0011793791800856635
1.39573e-05;-0.0011232512788966343
1.39575e-05;-0.0010613547616576111
1.39578e-05;-0.0009963782191684482
1.39580e-05;-0.0009263724730559575
1.39583e-05;-0.0008536814946425098
1.39585e-05;-0.0007770832857267451
1.39588e-05;-0.0006983988972996813
1.39590e-05;-0.0006168572284580142
1.39593e-05;-0.0005337899777877119
1.39595e-05;-0.0004486117749341247
1.39598e-05;-0.000362306475742389
1.39600e-05;-0.00027503113294316496
1.39603e-05;-0.00018723785676358308
1.39605e-05;-9.94445805840012e-05
1.39608e-05;-1.2225511004318076e-05
1.39610e-05;7.384777979765036e-05
1.39613e-05;0.00015835803388839647
1.39615e-05;0.00024090559522836285
1.39618e-05;0.00032103904702130646
1.39620e-05;0.0003982201646628383
1.39623e-05;0.00047187840590795033
1.39625e-05;0.0005414411009538144
1.39628e-05;0.0006063355092522975
1.39630e-05;0.0006659863806169678
1.39633e-05;0.0007198391393649787
1.39635e-05;0.0007674541182083544
1.39638e-05;0.0008085794011538225
1.39640e-05;0.0008430907484787369
1.39643e-05;0.0008708970413431345
1.39645e-05;0.0008919087158426333
1.39648e-05;0.0009060362485945013
1.39650e-05;0.0009131885603976046
1.39653e-05;0.0009132875160446354
1.39655e-05;0.0009063269963720531
1.39658e-05;0.0008924185481633785
1.39660e-05;0.0008717535900028316
1.39663e-05;0.0008445443437705762
1.39665e-05;0.0008110039482346276
1.39668e-05;0.0007713456154821003
1.39670e-05;0.0007257815558724238
1.39673e-05;0.0006741275703861152
1.39675e-05;0.0006203058858263081
1.39678e-05;0.0005987137046447393
1.39680e-05;0.0005300346247382516
1.39683e-05;-0.09455621371274396
1.39685e-05;-0.04080308049988128
1.39688e-05;-0.01600749932143472
1.39690e-05;0.0033831482778512566
1.39693e-05;0.021677464223159602
1.39695e-05;0.025227643044993316
1.39698e-05;0.014870973481969231
1.39700e-05;-0.00029043633368022216
1.39703e-05;-0.016733382158232238
1.39705e-05;-0.019864280509856263
1.39708e-05;-0.0098114463946761
1.39710e-05;0.002452155795087279
1.39713e-05;0.013726252323338666
1.39715e-05;0.015836251584842316
1.39718e-05;0.00926704201712077
1.39720e-05;-0.00029510861963033975
1.39723e-05;-0.010649213856353461
1.39725e-05;-0.012656517998304142
1.39728e-05;-0.006398943168637234
1.39730e-05;0.0012494795647537337
1.39733e-05;0.008284396630515072
1.39735e-05;0.00958610077458787
1.39738e-05;0.005459051307863208
1.39740e-05;-0.0005347959984969633
1.39743e-05;-0.007017048199310543
1.39745e-05;-0.008263832375380212
1.39748e-05;-0.004327352330079503
1.39750e-05;0.00048582288297402756
1.39753e-05;0.0049197407274
1.39755e-05;0.0057672000177796156
1.39758e-05;0.0032188322619096433
1.39760e-05;-0.0004943484708460144
1.39763e-05;-0.0045092486748035225
1.39765e-05;-0.005240973110657325
1.39768e-05;-0.0027229135122394514
1.39770e-05;0.0003467354794962018
1.39773e-05;0.00318084319803763
1.39775e-05;0.003770148221488651
1.39778e-05;0.0022338750788199182
1.39780e-05;-3.072682800127672e-05
1.39783e-05;-0.002483358500104273
1.39785e-05;-0.002878914661875709
1.39788e-05;-0.0012388799819901973
1.39790e-05;0.0007461113718942917
1.39793e-05;0.002582613586990186
1.39795e-05;0.0030117211462624503
1.39798e-05;0.0021078643286692143
1.39800e-05;0.0007459842413906164
1.39803e-05;-0.0007358255378349539
1.39805e-05;-0.00093166147586894
1.39808e-05;0.00014452787801094106
1.39810e-05;0.0014332911263517335
1.39813e-05;0.0026251570585905906
1.39815e-05;0.0029312225920146663
1.39818e-05;0.0023978190232077914
1.39820e-05;0.001572689458519104
1.39823e-05;0.0006672630192540775
1.39825e-05;0.0005617939927475817
1.39828e-05;0.0012471038902963608
1.39830e-05;0.002059244258107075
1.39833e-05;0.002804654897463498
1.39835e-05;0.0029902006622430618
1.39838e-05;0.0026459016926720564
1.39840e-05;0.0021153375248539868
1.39843e-05;0.0015311765248260806
1.39845e-05;0.0014449899775289677
1.39848e-05;0.0018511851365268957
1.39850e-05;0.002334041755558572
1.39853e-05;0.0027725150506940923
1.39855e-05;0.002857926843084774
1.39858e-05;0.002609316354402033
1.39860e-05;0.0022421254656046596
1.39863e-05;0.0018396681204885033
1.39865e-05;0.001747639214095127
1.39868e-05;0.0019627116008621194
1.39870e-05;0.0022246669121674893
1.39873e-05;0.0024578866884914733
1.39875e-05;0.0024692316371614093
1.39878e-05;0.002270852823739929
1.39880e-05;0.00199792103334817
1.39883e-05;0.001702833885062749
1.39885e-05;0.001602332027935707
1.39888e-05;0.0016945193666593782
1.39890e-05;0.001816591386245135
1.39893e-05;0.0019213862249477288
1.39895e-05;0.001888135213268144
1.39898e-05;0.0017246683538750837
1.39900e-05;0.0015158709402322405
1.39903e-05;0.0012947741655575465
1.39905e-05;0.0011973457447261738
1.39908e-05;0.0012225936787613621
1.39910e-05;0.0012687378585720752
1.39913e-05;0.0013064427447252226
1.39915e-05;0.0012602703007873438
1.39918e-05;0.0011353400932602865
1.39920e-05;0.0009850363050126396
1.39923e-05;0.0008302584312674434
1.39925e-05;0.0007563806311503034
1.39928e-05;0.0007629817215846208
1.39930e-05;0.0007864823140051411
1.39933e-05;0.0008085152305858547
1.39935e-05;0.0007815826004851923
1.39938e-05;0.000708582019040506
1.39940e-05;0.0006227314329037861
1.39943e-05;0.0005369477114102907
1.39945e-05;0.0005045358476812918
1.39948e-05;0.0005250563996403677
1.39950e-05;0.0005585096187586977
1.39953e-05;0.0005932189617031756
1.39955e-05;0.0005992624792344342
1.39958e-05;0.0005782870369761426
1.39960e-05;0.0005509312956616604
1.39963e-05;0.00052511601348792
1.39965e-05;0.0005340591302566885
1.39968e-05;0.000577311738669829
1.39970e-05;0.0006296455130999583
1.39973e-05;0.0006835753197673674
1.39975e-05;0.0007201883184982682
1.39978e-05;0.0007403472427226693
1.39980e-05;0.0007573926548593773
1.39983e-05;0.0007746918261637661
1.39985e-05;0.0008136604040169054
1.39988e-05;0.0008742295731101525
1.39990e-05;0.0009403283056925455
1.39993e-05;0.0010065448168789823
1.39995e-05;0.0010611646211490695
1.39998e-05;0.0011047081207658934
1.40000e-05;0.0011448203785891986
1.40003e-05;0.0011844600285016449
1.40005e-05;0.0012363127918302926
1.40008e-05;0.0012998886310176755
1.40010e-05;0.001364543851395917
1.40013e-05;0.0014282758849913598
1.40015e-05;0.0014827243938597995
1.40018e-05;0.001527624898147181
1.40020e-05;0.0015670938697998939
1.40023e-05;0.0016049068468978224
1.40025e-05;0.0016482833675254256
1.40028e-05;0.001694740240476665
1.40030e-05;0.001738170828381223
1.40033e-05;0.0017799258611065722
1.40035e-05;0.0018136320928050925
1.40038e-05;0.0018428819662830581
1.40040e-05;0.0018693274205924414
1.40043e-05;0.0018942201596127293
1.40045e-05;0.001923013609481386
1.40048e-05;0.001953966755532792
1.40050e-05;0.001983385160668882
1.40053e-05;0.0020119538298911774
1.40055e-05;0.0020357880865785054
1.40058e-05;0.0020570010536910223
1.40060e-05;0.002076710787690198
1.40063e-05;0.0020955882306163665
1.40065e-05;0.002117108057938104
1.40068e-05;0.002140090887188499
1.40070e-05;0.0021622569862556223
1.40073e-05;0.002183970888497957
1.40075e-05;0.0022028096007778524
1.40078e-05;0.002220056414291191
1.40080e-05;0.0022363982308178662
1.40083e-05;0.002252238980074179
1.40085e-05;0.0022697173108126058
1.40088e-05;0.0022881023169273214
1.40090e-05;0.002305903473355203
1.40093e-05;0.002323381371282368
1.40095e-05;0.0023389322355532208
1.40098e-05;0.0023534161642336407
1.40100e-05;0.0023671529721198347
1.40103e-05;0.0023804761236262276
1.40105e-05;0.002394590604257948
1.40108e-05;0.002409143217978246
1.40110e-05;0.0024230413985406245
1.40113e-05;0.002436577240840086
1.40115e-05;0.0024485631690257933
1.40118e-05;0.002459690960393189
1.40120e-05;0.0024699539918483253
1.40123e-05;0.002479738233986592
1.40125e-05;0.0024895672089614317
1.40128e-05;0.002499420951046829
1.40130e-05;0.0025077835985775868
1.40133e-05;0.002515320675758603
1.40135e-05;0.0025177083065992417
1.40138e-05;0.002517244857203047
1.40140e-05;0.0025110543309175264
1.40143e-05;0.002501692909228167
1.40145e-05;0.002487751354586525
1.40148e-05;0.002471273929935085
1.40150e-05;0.0024498546882403627
1.40153e-05;0.0024256993238685265
1.40155e-05;0.002394911136327139
1.40158e-05;0.002360450571252094
1.40160e-05;0.0023195960578535776
1.40163e-05;0.0022752014241208414
1.40165e-05;0.002225732048634531
1.40168e-05;0.002173452954400422
1.40170e-05;0.002116473090921092
1.40173e-05;0.0020568905650572523
1.40175e-05;0.0019921487021752594
1.40178e-05;0.0019245502829113004
1.40180e-05;0.0018525427944580087
1.40183e-05;0.0017780941484117874
1.40185e-05;0.0017006633881857234
1.40188e-05;0.0016215815287466478
1.40190e-05;0.0015403521185015493
1.40193e-05;0.0014579336795230561
1.40195e-05;0.0013736807446667438
1.40198e-05;0.0012884121093639617
1.40200e-05;0.0012023793068343025
1.40203e-05;0.0011159234098724541
1.40205e-05;0.0010301971938922292
1.40208e-05;0.0009448749784375762
1.40210e-05;0.0008614051669823701
1.40213e-05;0.0007789609711139227
1.40215e-05;0.0006991650603290045
1.40218e-05;0.0006208354184919086
1.40220e-05;0.0005452617165167391
1.40223e-05;0.00047353875959395416
1.40225e-05;0.0004058584607202906
1.40228e-05;0.0003427751398675618
1.40230e-05;0.00028468638352886495
1.40233e-05;0.00023148859142203894
1.40235e-05;0.0001824149453422434
1.40238e-05;0.00013689541527456327
1.40240e-05;9.49527934141444e-05
1.40243e-05;5.6828068909640315e-05
1.40245e-05;2.2816171833330835e-05
1.40248e-05;-6.836286816863676e-06
1.40250e-05;-3.198089683509542e-05
1.40253e-05;-5.2783192729497955e-05
1.40255e-05;-6.982411285658504e-05
1.40258e-05;-8.356128944875217e-05
1.40260e-05;-9.40809869718583e-05
1.40263e-05;-0.0001013328006456117
1.40265e-05;-0.00010523254284549784
1.40268e-05;-0.00010572630765405362
1.40270e-05;-0.00010282171115825449
1.40273e-05;-9.672300661649459e-05
1.40275e-05;-8.789464315976374e-05
1.40278e-05;-7.672378816454167e-05
1.40280e-05;-6.336497463734831e-05
1.40283e-05;-4.788711191628606e-05
1.40285e-05;-3.033794732842571e-05
1.40288e-05;-1.0784197050681e-05
1.40290e-05;1.0668887170853254e-05
1.40293e-05;3.379288890814641e-05
1.40295e-05;5.8196433821680805e-05
1.40298e-05;8.353658023636711e-05
1.40300e-05;0.00010961613757311297
1.40303e-05;0.0001364271074386282
1.40305e-05;0.0001635075959462641
1.40308e-05;0.00019089766453120688
1.40310e-05;0.00021845913749288598
1.40313e-05;0.0002460206104543783
1.40315e-05;0.00027288477192374946
1.40318e-05;0.00029936285479667665
1.40320e-05;0.00032450425382372683
1.40323e-05;0.00034890557466675287
1.40325e-05;0.0003720065524107586
1.40328e-05;0.00039335669431918643
1.40330e-05;0.0004129559911129153
1.40333e-05;0.00043047863188178066
1.40335e-05;0.0004455155535103497
1.40338e-05;0.0004577991518665442
1.40340e-05;0.0004672623483795341
1.40343e-05;0.0004739080148279492
1.40345e-05;0.0004777473445582337
1.40348e-05;0.0004787868629443552
1.40350e-05;0.0004770146175783399
1.40353e-05;0.0004723516614325504
1.40355e-05;0.0004646668829580928
1.40358e-05;0.0004539178302509947
1.40360e-05;0.0004401876429150656
1.40363e-05;0.00042360325684593513
1.40365e-05;0.00040429682736032875
1.40368e-05;0.0003823975764037157
1.40370e-05;0.00035802316798181494
1.40373e-05;0.0003312492833655212
1.40375e-05;0.00030211894813662453
1.40378e-05;0.00027073067324598577
1.40380e-05;0.0002372616424262015
1.40383e-05;0.00020191652265921076
1.40385e-05;0.00016490319096960554
1.40388e-05;0.00012642767788911447
1.40390e-05;8.668875766603823e-05
1.40393e-05;4.585890428828375e-05
1.40395e-05;4.0901086361276746e-06
1.40398e-05;-3.8430863429231294e-05
1.40400e-05;-8.147019021095552e-05
1.40403e-05;-0.0001246627557102948
1.40405e-05;-0.00016785532120934134
1.40408e-05;-0.0002110478867086806
1.40410e-05;-0.00025344268956807223
1.40413e-05;-0.00029539580296350867
1.40415e-05;-0.0003360154451105797
1.40418e-05;-0.0003758967877833226
1.40420e-05;-0.00041376401950077036
1.40423e-05;-0.00045051610377089003
1.40425e-05;-0.0004845225322357366
1.40428e-05;-0.0005170087807641013
1.40430e-05;-0.0005462545960947167
1.40433e-05;-0.000573706289407913
1.40435e-05;-0.0005985954168425034
1.40438e-05;-0.000622065735253049
1.40440e-05;-0.0006431893031163194
1.40443e-05;-0.000663013551854772
1.40445e-05;-0.0006801650510696417
1.40448e-05;-0.0006958367361748314
1.40450e-05;-0.0007086499218366366
1.40453e-05;-0.0007198804497256201
1.40455e-05;-0.0007288012047137342
1.40458e-05;-0.0007364431138920289
1.40460e-05;-0.0007415053670505224
1.40463e-05;-0.0007451393489315729
1.40465e-05;-0.0007487733308125989
1.40468e-05;-0.000749209364451195
1.40470e-05;-0.0007478747986043186
1.40473e-05;-0.0007465402327574512
1.40475e-05;-0.0007426784739411224
1.40478e-05;-0.0007374174909247686
1.40480e-05;-0.0007321565079084147
1.40483e-05;-0.000724897895277515
1.40485e-05;-0.0007165332603787134
1.40488e-05;-0.0007081686254799117
1.40490e-05;-0.0006977305335748157
1.40493e-05;-0.000686144436251734
1.40495e-05;-0.0006745583389286523
1.40498e-05;-0.0006629722416056491
