Time(s);Current(A)
6.55000e-06;-0.0009139898494899367
6.55025e-06;-0.0009506217837741866
6.55050e-06;-0.0009823893520147498
6.55075e-06;-0.0010141569202554205
6.55100e-06;-0.0010456645360727968
6.55125e-06;-0.001071470553292817
6.55150e-06;-0.001097276570512925
6.55175e-06;-0.0011228074078920127
6.55200e-06;-0.0011423026600831604
6.55225e-06;-0.0011617979122743743
6.55250e-06;-0.001181293164465522
6.55275e-06;-0.0012007884166566698
6.55300e-06;-0.0012202836688478835
6.55325e-06;-0.0012397789210390313
6.55350e-06;-0.001259274173230179
6.55375e-06;-0.001278769425421393
6.55400e-06;-0.0012942362235643281
6.55425e-06;-0.0013063208461578538
6.55450e-06;-0.0013184054687513382
6.55475e-06;-0.001330490091344823
6.55500e-06;-0.0013425747139383484
6.55525e-06;-0.001354659336531833
6.55550e-06;-0.0013667439591253177
6.55575e-06;-0.0013788285817188431
6.55600e-06;-0.0013907432332610143
6.55625e-06;-0.0013989298691327425
6.55650e-06;-0.0014071165050044984
6.55675e-06;-0.0014153031408762268
6.55700e-06;-0.001423489776747955
6.55725e-06;-0.001431676412619711
6.55750e-06;-0.0014397573503890223
6.55775e-06;-0.00144551998642967
6.55800e-06;-0.0014512826224703373
6.55825e-06;-0.0014570452585109853
6.55850e-06;-0.0014628078945516526
6.55875e-06;-0.0014685705305923003
6.55900e-06;-0.0014741252297855007
6.55925e-06;-0.0014751192004340227
6.55950e-06;-0.0014761131710825412
6.55975e-06;-0.00147710714173106
6.56000e-06;-0.0014781011123795819
6.56025e-06;-0.0014790950830281006
6.56050e-06;-0.0014800890536766191
6.56075e-06;-0.0014807281125284004
6.56100e-06;-0.0014735828061668275
6.56125e-06;-0.0014664374998052544
6.56150e-06;-0.001459292193443657
6.56175e-06;-0.0014521468870820839
6.56200e-06;-0.0014450015807205108
6.56225e-06;-0.0014378562743589136
6.56250e-06;-0.0014303585236305546
6.56275e-06;-0.0014151305264206262
6.56300e-06;-0.0013999025292107494
6.56325e-06;-0.0013846745320008726
6.56350e-06;-0.0013694465347909442
6.56375e-06;-0.0013542185375810675
6.56400e-06;-0.0013389905403711907
6.56425e-06;-0.0013237625431612623
6.56450e-06;-0.0013083220875368038
6.56475e-06;-0.0012882217307586738
6.56500e-06;-0.0012681213739804758
6.56525e-06;-0.0012480210172023459
6.56550e-06;-0.001227920660424216
6.56575e-06;-0.001207820303646018
6.56600e-06;-0.001187719946867888
6.56625e-06;-0.001167619590089758
6.56650e-06;-0.0011475195277352438
6.56675e-06;-0.0011274259230457798
6.56700e-06;-0.0011073323183562478
6.56725e-06;-0.0010872387136667838
6.56750e-06;-0.0010672462955445227
6.56775e-06;-0.0010494732265688052
6.56800e-06;-0.001031700157593148
6.56825e-06;-0.0010139270886174907
6.56850e-06;-0.0009963034413534829
6.56875e-06;-0.0009819570961809086
6.56900e-06;-0.0009676107510083346
6.56925e-06;-0.0009532481126997736
6.56950e-06;-0.0009385281131492424
6.56975e-06;-0.000923808113598711
6.57000e-06;-0.0009089723361646124
6.57025e-06;-0.0008915971747589596
6.57050e-06;-0.0008742220133533069
6.57075e-06;-0.0008567676570528568
6.57100e-06;-0.000837576300211382
6.57125e-06;-0.0008183849433698423
6.57150e-06;-0.0007990209891040319
6.57175e-06;-0.000775871414307673
6.57200e-06;-0.000752721839511236
6.57225e-06;-0.0007294255520394214
6.57250e-06;-0.0007029113804167278
6.57275e-06;-0.0006763972087939444
6.57300e-06;-0.0006497665739911914
6.57325e-06;-0.0006205815244449297
6.57350e-06;-0.0005913964748985691
6.57375e-06;-0.0005620780962637812
6.57400e-06;-0.0005298353788871815
6.57425e-06;-0.0004975926615104725
6.57450e-06;-0.0004652854873442131
6.57475e-06;-0.00043156456701616227
6.57500e-06;-0.00039784364668799714
6.57525e-06;-0.0003640887073107244
6.57550e-06;-0.00032958762000205664
6.57575e-06;-0.00029508653269350575
6.57600e-06;-0.00026059409492672355
6.57625e-06;-0.00022629136962517272
6.57650e-06;-0.00019198864432373811
6.57675e-06;-0.00015773424786632719
6.57700e-06;-0.00012457587181828592
6.57725e-06;-9.224456111090432e-05
6.57750e-06;-6.0769563293713384e-05
6.57775e-06;-3.0229881257623697e-05
6.57800e-06;-8.110794190927397e-07
6.57825e-06;2.7269198405471464e-05
6.57850e-06;5.379335142085329e-05
6.57875e-06;7.854362511035658e-05
6.57900e-06;0.0001012938334164509
6.57925e-06;0.00012171605968891722
6.57950e-06;0.00013939830336305597
6.57975e-06;0.00015408501712937307
6.58000e-06;0.00016572010522570798
6.58025e-06;0.00017429985754826143
6.58050e-06;0.0001798205772760404
6.58075e-06;0.00018227844389628585
6.58100e-06;0.0001816644397787034
6.58125e-06;0.00017790577377909092
6.58150e-06;0.0001708770022717817
6.58175e-06;0.00016055073400687145
6.58200e-06;0.00014702449266906903
6.58225e-06;0.00013042860521126132
6.58250e-06;0.00011089339985525577
6.58275e-06;8.8549160955264e-05
6.58300e-06;6.352285428188305e-05
6.58325e-06;3.590152823779734e-05
6.58350e-06;5.739256402381745e-06
6.58375e-06;-2.6848492677068438e-05
6.58400e-06;-6.166800191848956e-05
6.58425e-06;-9.850501819654966e-05
6.58450e-06;-0.0001371453006221499
6.58475e-06;-0.0001773746473512245
6.58500e-06;-0.0002190034651306369
6.58525e-06;-0.000262270769266589
6.58550e-06;-0.00030561800911577027
6.58575e-06;-0.00035071849804857355
6.58600e-06;-0.00039581898698137676
6.58625e-06;-0.00044092509999893936
6.58650e-06;-0.00048615456740705004
6.58675e-06;-0.0005313840348151607
6.58700e-06;-0.0005765174312675212
6.58725e-06;-0.0006195436805023963
6.58750e-06;-0.0006625699297372713
6.58775e-06;-0.0007054397490459262
6.58800e-06;-0.0007448785534246592
6.58825e-06;-0.0007841320460135452
6.58850e-06;-0.000819321050861325
6.58875e-06;-0.0008542728872786029
6.58900e-06;-0.0008840228518754074
6.58925e-06;-0.000913494473143107
6.58950e-06;-0.0009368611237095657
6.58975e-06;-0.0009599329051487083
6.59000e-06;-0.0009765372516047145
6.59025e-06;-0.0009928377160151854
6.59050e-06;-0.001002473062956868
6.59075e-06;-0.0010117958791572214
6.59100e-06;-0.0010142638839799524
6.59125e-06;-0.0010164174011591217
6.59150e-06;-0.0010116731857563695
6.59175e-06;-0.0010066279703605692
6.59200e-06;-0.0009949808502423886
6.59225e-06;-0.0009830509196771817
6.59250e-06;-0.0009649180400455263
6.59275e-06;-0.0009465207692140884
6.59300e-06;-0.000922324543064291
6.59325e-06;-0.0008978865341539624
6.59350e-06;-0.0008681454462255479
6.59375e-06;-0.0008381948530021959
6.59400e-06;-0.0008036491301188841
6.59425e-06;-0.0007689291249121653
6.59450e-06;-0.0007303865438885169
6.59475e-06;-0.0006917050405719341
6.59500e-06;-0.000649976521435848
6.59525e-06;-0.0006081470606623006
6.59550e-06;-0.0005641036228515367
6.59575e-06;-0.000520003274973149
6.59600e-06;-0.0004746547049895325
6.59625e-06;-0.0004292950966557149
6.59650e-06;-0.00038369338155478576
6.59675e-06;-0.00033812657659997757
6.59700e-06;-0.0002933254642191675
6.59725e-06;-0.0002485799350959558
6.59750e-06;-0.00020510735433582544
6.59775e-06;-0.00016288230868783947
6.59800e-06;-0.00012220517288500998
6.59825e-06;-8.33771486341326e-05
6.59850e-06;-4.669941154199955e-05
6.59875e-06;-1.2473148509872937e-05
6.59900e-06;1.8998772838742367e-05
6.59925e-06;4.7400888587854244e-05
6.59950e-06;7.245435605490165e-05
6.59975e-06;9.400359935174764e-05
6.60000e-06;0.00011198758834156118
6.60025e-06;0.00012636413860850327
6.60050e-06;0.00013709110053013935
6.60075e-06;0.00014412629751626237
6.60100e-06;0.00014742655919362135
6.60125e-06;0.00014694078499268723
6.60150e-06;0.0001426408679455257
6.60175e-06;0.00013457590322165866
6.60200e-06;0.00012285418774168566
6.60225e-06;0.00010759586148317154
6.60250e-06;8.892105082351938e-05
6.60275e-06;6.694987196662142e-05
6.60300e-06;4.18018134369513e-05
6.60325e-06;1.3591397424162767e-05
6.60350e-06;-1.7552467921716227e-05
6.60375e-06;-5.145251943261302e-05
6.60400e-06;-8.789439550907626e-05
6.60425e-06;-0.00012665637241512869
6.60450e-06;-0.00016751672830818187
6.60475e-06;-0.00021025372178103228
6.60500e-06;-0.00025467272594239073
6.60525e-06;-0.0003010596478371273
6.60550e-06;-0.0003475409598080712
6.60575e-06;-0.0003960925518526035
6.60600e-06;-0.00044464414389730033
6.60625e-06;-0.0004932106331034672
6.60650e-06;-0.0005421038653124543
6.60675e-06;-0.0005909970975216071
6.60700e-06;-0.0006397931047690028
6.60725e-06;-0.0006864566537215923
6.60750e-06;-0.0007331202026743397
6.60775e-06;-0.0007796146771335916
6.60800e-06;-0.0008224008003646449
6.60825e-06;-0.000864985872828974
6.60850e-06;-0.0009031612508237498
6.60875e-06;-0.0009410905819905159
6.60900e-06;-0.0009736233093364504
6.60925e-06;-0.0010059517878650151
6.60950e-06;-0.0010338004283218108
6.60975e-06;-0.0010616490687787008
6.61000e-06;-0.0010892959173331124
6.61025e-06;-0.0011125168159167224
6.61050e-06;-0.0011357377145002538
6.61075e-06;-0.001158710935080818
6.61100e-06;-0.0011762517748920434
6.61125e-06;-0.0011937926147032097
6.61150e-06;-0.0012111741983740429
6.61175e-06;-0.001225062779098687
6.61200e-06;-0.0012389513598232839
6.61225e-06;-0.0012525483494214105
6.61250e-06;-0.001259749801229649
6.61275e-06;-0.0012669512530378631
6.61300e-06;-0.0012741527048460773
6.61325e-06;-0.001281354156654316
6.61350e-06;-0.0012885556084625302
6.61375e-06;-0.0012957570602707444
6.61400e-06;-0.0013029585120789828
6.61425e-06;-0.001310159963887197
6.61450e-06;-0.0013170851306523086
6.61475e-06;-0.0013179504716095197
6.61500e-06;-0.0013188158125667308
6.61525e-06;-0.001319681153523945
6.61550e-06;-0.001320546494481156
6.61575e-06;-0.0013214118354383671
6.61600e-06;-0.001322277176395581
6.61625e-06;-0.0013231425173527921
6.61650e-06;-0.0013240078583100035
6.61675e-06;-0.0013247811486769012
6.61700e-06;-0.0013235354714718323
6.61725e-06;-0.0013222897942667634
6.61750e-06;-0.0013210441170616902
6.61775e-06;-0.0013197984398566212
6.61800e-06;-0.0013185527626515523
6.61825e-06;-0.0013173070854464793
6.61850e-06;-0.0013160614082414104
6.61875e-06;-0.0013148157310363371
6.61900e-06;-0.0013135700538312682
6.61925e-06;-0.0013123243766261993
6.61950e-06;-0.0013119004985266676
6.61975e-06;-0.00131216657960367
6.62000e-06;-0.0013124326606806722
6.62025e-06;-0.0013126987417576754
6.62050e-06;-0.0013129648228346778
6.62075e-06;-0.00131323090391168
6.62100e-06;-0.0013134969849886832
6.62125e-06;-0.0013137630660656856
6.62150e-06;-0.0013140291471426878
6.62175e-06;-0.001314295228219691
6.62200e-06;-0.0013146681354535101
6.62225e-06;-0.0013173840862852808
6.62250e-06;-0.0013201000371170603
6.62275e-06;-0.001322815987948831
6.62300e-06;-0.0013255319387806108
6.62325e-06;-0.0013282478896123812
6.62350e-06;-0.0013309638404441517
6.62375e-06;-0.0013336797912759314
6.62400e-06;-0.0013363957421077019
6.62425e-06;-0.0013391116929394725
6.62450e-06;-0.0013418276437712523
6.62475e-06;-0.0013445435946030228
6.62500e-06;-0.0013472595454347932
6.62525e-06;-0.0013504465109736013
6.62550e-06;-0.001354028927075892
6.62575e-06;-0.0013576113431781826
6.62600e-06;-0.0013611937592804854
6.62625e-06;-0.0013647761753827758
6.62650e-06;-0.0013683585914850665
6.62675e-06;-0.0013719410075873693
6.62700e-06;-0.00137552342368966
6.62725e-06;-0.0013791058397919628
6.62750e-06;-0.0013826882558942535
6.62775e-06;-0.0013862706719965441
6.62800e-06;-0.0013898530880988467
6.62825e-06;-0.0013934024920976438
6.62850e-06;-0.0013962278337507226
6.62875e-06;-0.0013990140881213694
6.62900e-06;-0.0014009430317963808
6.62925e-06;-0.0014026417792972988
6.62950e-06;-0.001399291579165752
6.62975e-06;-0.001395592215385901
6.63000e-06;-0.0013842345619654824
6.63025e-06;-0.0013725571035068174
6.63050e-06;-0.001353865284811302
6.63075e-06;-0.001334878654095128
6.63100e-06;-0.0013094258409614445
6.63125e-06;-0.0012835978152976727
6.63150e-06;-0.0012495401636511219
6.63175e-06;-0.0012150720828482465
6.63200e-06;-0.001171601961393799
6.63225e-06;-0.0011277791254396012
6.63250e-06;-0.0010762201181786528
6.63275e-06;-0.0010243633622745222
6.63300e-06;-0.0009659760143116171
6.63325e-06;-0.0009072798590505309
6.63350e-06;-0.0008418105596074647
6.63375e-06;-0.0007761135132904501
6.63400e-06;-0.000705293638223324
6.63425e-06;-0.0006315669875433417
6.63450e-06;-0.0005553820512775769
6.63475e-06;-0.00047718702376113814
6.63500e-06;-0.0003974158039865219
6.63525e-06;-0.00031632092322601976
6.63550e-06;-0.00023393959180810492
6.63575e-06;-0.00015044354372126964
6.63600e-06;-6.626283230223298e-05
6.63625e-06;1.8096355431748704e-05
6.63650e-06;0.00010212791186441834
6.63675e-06;0.00018532595973539578
6.63700e-06;0.0002671935943716936
6.63725e-06;0.00034734756953801714
6.63750e-06;0.000425539495363348
6.63775e-06;0.0005014367192660298
6.63800e-06;0.0005745449177532524
6.63825e-06;0.0006443220054165768
6.63850e-06;0.0007102259626703659
6.63875e-06;0.000771714984992624
6.63900e-06;0.0008282482582418454
6.63925e-06;0.0008793158791012382
6.63950e-06;0.0009245372994542434
6.63975e-06;0.0009637152735219411
6.64000e-06;0.0009967467399053598
6.64025e-06;0.0010235406516700854
6.64050e-06;0.0010440057392039183
6.64075e-06;0.0010580507430471135
6.64100e-06;0.0010655853523246018
6.64125e-06;0.001066538629509693
6.64150e-06;0.0010609204695874298
6.64175e-06;0.0010488557736877773
6.64200e-06;0.0010305282411289854
6.64225e-06;0.0010061291422847145
6.64250e-06;0.0009758497526051806
6.64275e-06;0.0009398814461887094
6.64300e-06;0.0008984157858028039
6.64325e-06;0.0008516567348230922
6.64350e-06;0.000799858783924526
6.64375e-06;0.0007433484626935723
6.64400e-06;0.0006824892052143583
6.64425e-06;0.0006176492179205892
6.64450e-06;0.0005491963833822306
6.64475e-06;0.00047749880430854525
6.64500e-06;0.0004029248094722382
6.64525e-06;0.00032585026232835287
6.64550e-06;0.00024668276152284746
6.64575e-06;0.0001658749872772534
6.64600e-06;8.390271325544154e-05
6.64625e-06;1.2500189864876288e-06
6.64650e-06;-8.150114953398257e-05
6.64675e-06;-0.00016421506990446392
6.64700e-06;-0.00024605931855924774
6.64725e-06;-0.000326670245945243
6.64750e-06;-0.000405544613451785
6.64775e-06;-0.00048215098576683723
6.64800e-06;-0.0005559435026140268
6.64825e-06;-0.0006263746272851418
6.64850e-06;-0.0006928966965897849
6.64875e-06;-0.0007549624500529132
6.64900e-06;-0.0008120320759384331
6.64925e-06;-0.0008636795009790348
6.64950e-06;-0.0009097079594458202
6.64975e-06;-0.0009500456229123434
6.65000e-06;-0.000984599196676981
6.65025e-06;-0.0010132526703331807
6.65050e-06;-0.00103588998288147
6.65075e-06;-0.001052395270957942
6.65100e-06;-0.0010626575132755727
6.65125e-06;-0.0010666367574082988
6.65150e-06;-0.00106443662349838
6.65175e-06;-0.0010562395022030368
6.65200e-06;-0.0010422136826966967
6.65225e-06;-0.0010225136430350684
6.65250e-06;-0.0009972937499350461
6.65275e-06;-0.0009667084157996197
6.65300e-06;-0.0009309149206130464
6.65325e-06;-0.0008901154514092155
6.65350e-06;-0.000844601959042274
6.65375e-06;-0.0007947154102828037
6.65400e-06;-0.0007407883999808297
6.65425e-06;-0.0006831445095994342
6.65450e-06;-0.0006221074217888181
6.65475e-06;-0.0005580006396687817
6.65500e-06;-0.0004911497612472143
6.65525e-06;-0.00042190808901601854
6.65550e-06;-0.0003506854659131779
6.65575e-06;-0.00027792221326416544
6.65600e-06;-0.00020405349141447982
6.65625e-06;-0.00012950871346488233
6.65650e-06;-5.471730848515348e-05
6.65675e-06;1.98913214428082e-05
6.65700e-06;9.3886624803104e-05
6.65725e-06;0.00016682061032408612
6.65750e-06;0.00023821001219719617
6.65775e-06;0.0003075523968691946
6.65800e-06;0.0003743486954936006
6.65825e-06;0.00043810343054357244
6.65850e-06;0.0004983211396786735
6.65875e-06;0.0005545071104921148
6.65900e-06;0.0006062029056226521
6.65925e-06;0.000653428519695814
6.65950e-06;0.0006968597282309965
6.65975e-06;0.0007370118932954648
6.66000e-06;0.0007738494846627052
6.66025e-06;0.0008070729957271091
6.66050e-06;0.0008348406984314046
6.66075e-06;0.0008622530431672504
6.66100e-06;0.0008818712367862036
6.66125e-06;0.000901179367998012
6.66150e-06;0.0009136868264482847
6.66175e-06;0.0009259285472159798
6.66200e-06;0.000932341779983956
6.66225e-06;0.0009384854310635021
6.66250e-06;0.000938716282646685
6.66275e-06;0.0009386757542726267
6.66300e-06;0.0009326829845432807
6.66325e-06;0.00092646413041806
6.66350e-06;0.000915286513292809
6.66375e-06;0.0009038852289224908
6.66400e-06;0.0008875781974971537
6.66425e-06;0.0008712711660717614
6.66450e-06;0.0008547253866477905
6.66475e-06;0.0008329430904037354
6.66500e-06;0.0008111607941596067
6.66525e-06;0.0007892193018434788
6.66550e-06;0.0007637861240940767
6.66575e-06;0.0007383529463447609
6.66600e-06;0.0007128479199092934
6.66625e-06;0.000685767019097301
6.66650e-06;0.0006586861182854003
6.66675e-06;0.0006315963627657135
6.66700e-06;0.0006043123948273469
6.66725e-06;0.0005770284268890727
6.66750e-06;0.0005498111535303459
6.66775e-06;0.0005240567082978076
6.66800e-06;0.0004984012167092035
6.66825e-06;0.0004749160990008707
6.66850e-06;0.00045156255568488073
6.66875e-06;0.0004310948649106411
6.66900e-06;0.0004107513644588929
6.66925e-06;0.00039323680832226897
6.66950e-06;0.0003781428003836351
6.66975e-06;0.00036572279841951596
6.67000e-06;0.0003560278243957157
6.67025e-06;0.00034905470599467213
6.67050e-06;0.0003448002683607245
6.67075e-06;0.0003432614040682715
6.67100e-06;0.00034444069304884363
6.67125e-06;0.00034840924087971574
6.67150e-06;0.0003552999770900928
6.67175e-06;0.0003651516577214434
6.67200e-06;0.0003778761531538526
6.67225e-06;0.0003933514335642552
6.67250e-06;0.0004114555184539118
6.67275e-06;0.000432066369370631
6.67300e-06;0.0004551153143473487
6.67325e-06;0.0004814681343339901
6.67350e-06;0.0005080099794042795
6.67375e-06;0.0005386977567297905
6.67400e-06;0.0005695440215648857
6.67425e-06;0.0006038664307569858
6.67450e-06;0.0006383130905523664
6.67475e-06;0.00067548496847312
6.67500e-06;0.0007127298964639835
6.67525e-06;0.0007516171389194189
6.67550e-06;0.0007914160224522434
6.67575e-06;0.0008319465953618664
6.67600e-06;0.000872979097625626
6.67625e-06;0.0009142706818060604
6.67650e-06;0.0009555783891262362
6.67675e-06;0.0009966592938053986
6.67700e-06;0.0010372719323639762
6.67725e-06;0.0010771917721369077
6.67750e-06;0.0011162093335627375
6.67775e-06;0.001154092232363623
6.67800e-06;0.0011905766500982715
6.67825e-06;0.001225390645651406
6.67850e-06;0.0012582623841700597
6.67875e-06;0.001288919665649039
6.67900e-06;0.0013170784590127854
6.67925e-06;0.0013423112391189912
6.67950e-06;0.0013640655702931272
6.67975e-06;0.0013819968936907684
6.68000e-06;0.0013960327326656462
6.68025e-06;0.001406173203633143
6.68050e-06;0.0014124184230085899
6.68075e-06;0.0014147683447666229
6.68100e-06;0.0014132154411514797
6.68125e-06;0.0014075702612282145
6.68150e-06;0.001395912605523448
6.68175e-06;0.0013838981311525074
6.68200e-06;0.0013640574678534757
6.68225e-06;0.0013438886998122601
6.68250e-06;0.0013165235321869189
6.68275e-06;0.0012888585727179789
6.68300e-06;0.0012546182072239362
6.68325e-06;0.0012200957533793524
6.68350e-06;0.001179386188451387
6.68375e-06;0.0011383744999794675
6.68400e-06;0.0010907362637447206
6.68425e-06;0.0010430980275101351
6.68450e-06;0.0009951925772436474
6.68475e-06;0.0009414262578704636
6.68500e-06;0.0008876599384974619
6.68525e-06;0.0008337249135053454
6.68550e-06;0.0007760896279239985
6.68575e-06;0.0007184543423428469
6.68600e-06;0.000660768282212279
6.68625e-06;0.0006019685717769078
6.68650e-06;0.0005431688613417359
6.68675e-06;0.000484426029459529
6.68700e-06;0.0004269307284522358
6.68725e-06;0.0003695113640095763
6.68750e-06;0.00031382692697067607
6.68775e-06;0.00025975019616932254
6.68800e-06;0.00020765568811583762
6.68825e-06;0.0001579289558040373
6.68850e-06;0.00011095554905555793
6.68875e-06;6.712002993420695e-05
6.68900e-06;2.676126960904791e-05
6.68925e-06;-1.0378348906803597e-05
6.68950e-06;-4.5334277521073454e-05
6.68975e-06;-7.885401033169022e-05
6.69000e-06;-0.00011093894002720246
6.69025e-06;-0.00014135840958238592
6.69050e-06;-0.00016988180246565952
6.69075e-06;-0.00019627912542636504
6.69100e-06;-0.00022034899859470905
6.69125e-06;-0.00024226376056497037
6.69150e-06;-0.0002626828817698344
6.69175e-06;-0.00028208539205132295
6.69200e-06;-0.00030045541457832293
6.69225e-06;-0.0003171364932833283
6.69250e-06;-0.0003336956628146187
6.69275e-06;-0.0003475809693582893
6.69300e-06;-0.00036134944553680614
6.69325e-06;-0.0003725554534486678
6.69350e-06;-0.0003836966183504112
6.69375e-06;-0.00039341556604504806
6.69400e-06;-0.0004030535106340603
6.69425e-06;-0.0004109147947851128
6.69450e-06;-0.0004187760789361652
6.69475e-06;-0.0004265268091074938
6.69500e-06;-0.0004318527324708615
6.69525e-06;-0.00043717865583424724
6.69550e-06;-0.00044244429087121135
6.69575e-06;-0.00044638760766490144
6.69600e-06;-0.0004503309244586049
6.69625e-06;-0.0004542078315077126
6.69650e-06;-0.00045662815778863854
6.69675e-06;-0.00045904848406957266
6.69700e-06;-0.0004614688103504986
6.69725e-06;-0.0004638891366314245
6.69750e-06;-0.0004657684485828288
6.69775e-06;-0.0004671935402774548
6.69800e-06;-0.0004686186319720808
6.69825e-06;-0.00047004372366671164
6.69850e-06;-0.0004714486806164715
6.69875e-06;-0.0004724120174045894
6.69900e-06;-0.00047337535419271053
6.69925e-06;-0.0004742134308339171
6.69950e-06;-0.0004723041467963728
6.69975e-06;-0.00047021225534969524
6.70000e-06;-0.0004641151920439075
6.70025e-06;-0.0004578904928965805
6.70050e-06;-0.0004487877051172225
6.70075e-06;-0.00043788633379889636
6.70100e-06;-0.00042527803802777534
6.70125e-06;-0.00041080937067804267
6.70150e-06;-0.0003940255341816294
6.70175e-06;-0.00037456434711470165
6.70200e-06;-0.0003576690963708879
6.70225e-06;-0.005479961827646213
6.70250e-06;-0.021721314881854054
6.70275e-06;-0.017534520921631533
6.70300e-06;-0.014330438103707818
6.70325e-06;-0.008525508690350729
6.70350e-06;0.004319551110914721
6.70375e-06;0.0032515552299311164
6.70400e-06;0.0026691916285120133
6.70425e-06;0.0006184559201004704
6.70450e-06;-0.01220193043278402
6.70475e-06;-0.009220871368605521
6.70500e-06;-0.005824473687920295
6.70525e-06;-0.000996206172649682
6.70550e-06;0.003911598300727211
6.70575e-06;0.004518945000247439
6.70600e-06;0.0025848317661859364
6.70625e-06;-0.0010376129933051012
6.70650e-06;-0.005000313920989394
6.70675e-06;-0.004886650954892266
6.70700e-06;-0.002578996197800193
6.70725e-06;0.00040762799172156883
6.70750e-06;0.0034511531662636107
6.70775e-06;0.003806351248915595
6.70800e-06;0.0025738224199848454
6.70825e-06;0.00028689753491531076
6.70850e-06;-0.0022109242077969693
6.70875e-06;-0.002154016186601603
6.70900e-06;-0.0007223646632080502
6.70925e-06;0.0011344123624289278
6.70950e-06;0.003026299302920099
6.70975e-06;0.0032335729512668076
6.71000e-06;0.0024456317140889514
6.71025e-06;0.0009965251257568843
6.71050e-06;-0.0005854086526277771
6.71075e-06;-0.0005678852725408033
6.71100e-06;0.00030983341738827523
6.71125e-06;0.001452869629765275
6.71150e-06;0.002616935553999883
6.71175e-06;0.0027248905330337606
6.71200e-06;0.0022087054137644637
6.71225e-06;0.0012777409235625436
6.71250e-06;0.0002630430140365212
6.71275e-06;0.0002497493573462593
6.71300e-06;0.0007748008552567267
6.71325e-06;0.0014656228771492922
6.71350e-06;0.0021692773004567158
6.71375e-06;0.002211168549324021
6.71400e-06;0.0018620273781096276
6.71425e-06;0.0012531249948146937
6.71450e-06;0.0005919424700441929
6.71475e-06;0.0005582834061969115
6.71500e-06;0.0008621462545055432
6.71525e-06;0.0012702336030563186
6.71550e-06;0.001686843662390665
6.71575e-06;0.0016895333936708305
6.71600e-06;0.0014480228615816285
6.71625e-06;0.0010446638370605556
6.71650e-06;0.0006095362959424909
6.71675e-06;0.0005685573980360187
6.71700e-06;0.000740148648974131
6.71725e-06;0.0009782660375562615
6.71750e-06;0.0012230648780949796
6.71775e-06;0.0012100450853642585
6.71800e-06;0.0010456441687596864
6.71825e-06;0.0007815650923257594
6.71850e-06;0.0004994015869065527
6.71875e-06;0.0004660434609192731
6.71900e-06;0.0005678104907402305
6.71925e-06;0.0007131159498182841
6.71950e-06;0.000864136129402668
6.71975e-06;0.000854874141649572
6.72000e-06;0.0007518758336923109
6.72025e-06;0.0005874755666914679
6.72050e-06;0.00041272756752642185
6.72075e-06;0.0003947451884300179
6.72100e-06;0.0004622489325560765
6.72125e-06;0.0005578044810531223
6.72150e-06;0.0006576583790854563
6.72175e-06;0.0006577754242390629
6.72200e-06;0.0005997877892612449
6.72225e-06;0.000503894840668863
6.72250e-06;0.00040201955261428396
6.72275e-06;0.0003987780552448691
6.72300e-06;0.0004494547161810566
6.72325e-06;0.0005180102054725871
6.72350e-06;0.0005895052740158903
6.72375e-06;0.0005987158560927671
6.72400e-06;0.000571665482649764
6.72425e-06;0.0005209505887660303
6.72450e-06;0.0004665096777126547
6.72475e-06;0.00047381231889764527
6.72500e-06;0.0005147850566678614
6.72525e-06;0.0005667916901657885
6.72550e-06;0.0006204144659269893
6.72575e-06;0.0006347396525268095
6.72600e-06;0.0006260119966683786
6.72625e-06;0.0006020644091820469
6.72650e-06;0.0005753280117245174
6.72675e-06;0.000586751945067694
6.72700e-06;0.0006186892694153745
6.72725e-06;0.0006569002414463519
6.72750e-06;0.0006954260723396882
6.72775e-06;0.0007085804528649273
6.72800e-06;0.0007064816826036772
6.72825e-06;0.0006939782864000835
6.72850e-06;0.0006787985718730269
6.72875e-06;0.0006865332875202505
6.72900e-06;0.0007061336608771672
6.72925e-06;0.0007290743671548483
6.72950e-06;0.0007524772510742845
6.72975e-06;0.000760921380296221
6.73000e-06;0.0007608887118470227
6.73025e-06;0.0007553571474582466
6.73050e-06;0.0007491082574150243
6.73075e-06;0.0007581116707192852
6.73100e-06;0.0007753856601757524
6.73125e-06;0.0007955296201387607
6.73150e-06;0.0008166808417377723
6.73175e-06;0.00082912030059247
6.73200e-06;0.0008368491254733413
6.73225e-06;0.0008416733554415003
6.73250e-06;0.0008465284771188987
6.73275e-06;0.0008613576367037175
6.73300e-06;0.0008817271635251942
6.73325e-06;0.0009041940009929895
6.73350e-06;0.0009275314799637222
6.73375e-06;0.0009455920945353937
6.73400e-06;0.0009608227930902695
6.73425e-06;0.0009742952790141515
6.73450e-06;0.0009877888112693354
6.73475e-06;0.0010074717876958213
6.73500e-06;0.0010305066553966465
6.73525e-06;0.0010546769382891905
6.73550e-06;0.001079154277936744
6.73575e-06;0.0011000284380840695
6.73600e-06;0.0011187725971843491
6.73625e-06;0.0011363441113284639
6.73650e-06;0.0011542594980351152
6.73675e-06;0.0011728650642943356
6.73700e-06;0.001194481225385611
6.73725e-06;0.001216173823624272
6.73750e-06;0.0012372731876902012
6.73775e-06;0.0012553797019580865
6.73800e-06;0.0012713173329343159
6.73825e-06;0.0012854097938720687
6.73850e-06;0.001298258108865855
6.73875e-06;0.0013121855549977828
6.73900e-06;0.0013258707057387453
6.73925e-06;0.0013381880288646857
6.73950e-06;0.0013497898017185241
6.73975e-06;0.00135780385897323
6.74000e-06;0.001363084135404959
6.74025e-06;0.00136562478338851
6.74050e-06;0.0013679290233875954
6.74075e-06;0.0013690470846256435
6.74100e-06;0.0013688184524959424
6.74125e-06;0.0013657774126540718
6.74150e-06;0.001362736372812191
6.74175e-06;0.0013588329539318807
6.74200e-06;0.0013505431490061551
6.74225e-06;0.0013394490404717992
6.74250e-06;0.0013283549319374434
6.74275e-06;0.0013169012630816594
6.74300e-06;0.0013033803768329932
6.74325e-06;0.0012876566249751165
6.74350e-06;0.0012719328731171863
6.74375e-06;0.0012556088408764425
6.74400e-06;0.0012361451235749703
6.74425e-06;0.0012143545883010127
6.74450e-06;0.0011925640530271288
6.74475e-06;0.001170773517753245
6.74500e-06;0.0011489829824792874
6.74525e-06;0.0011271924472054037
6.74550e-06;0.0011035913216495316
6.74575e-06;0.001079166773303923
6.74600e-06;0.0010547422249583972
6.74625e-06;0.0010303176766127886
6.74650e-06;0.001005893128267263
6.74675e-06;0.0009815969301524641
6.74700e-06;0.0009578573236998988
6.74725e-06;0.000934117717247414
6.74750e-06;0.0009106607736220893
6.74775e-06;0.000888429599299548
6.74800e-06;0.0008661984249770819
6.74825e-06;0.0008445588196240127
6.74850e-06;0.0008254845571936776
6.74875e-06;0.0008064102947634071
6.74900e-06;0.0007881341192492167
6.74925e-06;0.0007733188531602735
6.74950e-06;0.0007585035870713805
6.74975e-06;0.000744403838532391
6.75000e-06;0.0007334069367917232
6.75025e-06;0.0007224100350510928
6.75050e-06;0.0007122623252468578
6.75075e-06;0.0007057971421415381
6.75100e-06;0.0006993319590362184
6.75125e-06;0.0006936663935252695
6.75150e-06;0.0006914683752364088
6.75175e-06;0.0006892703569475481
6.75200e-06;0.0006877797737911514
6.75225e-06;0.0006893569879738164
6.75250e-06;0.0006909342021564813
6.75275e-06;0.0006932158301090947
6.75300e-06;0.0006985521532412122
6.75325e-06;0.0007038884763733298
6.75350e-06;0.0007097740548561088
6.75375e-06;0.0007180414829611849
6.75400e-06;0.0007263089110662611
6.75425e-06;0.0007351914027795372
6.75450e-06;0.0007467411220784165
6.75475e-06;0.0007582908413772957
6.75500e-06;0.0007698405606762142
6.75525e-06;0.0007813902799750935
6.75550e-06;0.0007929399992740119
6.75575e-06;0.0008048330958803529
6.75600e-06;0.0008182152505524491
6.75625e-06;0.0008315974052245906
6.75650e-06;0.0008449795598966868
6.75675e-06;0.0008583617145687829
6.75700e-06;0.0008717438692409245
6.75725e-06;0.0008850349394673038
6.75750e-06;0.0008979310213656652
6.75775e-06;0.0009106424674719299
6.75800e-06;0.0009225532391901786
6.75825e-06;0.0009342801822672908
6.75850e-06;0.0009450681434669417
6.75875e-06;0.0009550784045707021
6.75900e-06;0.0009641500797328766
6.75925e-06;0.0009718328799103405
6.75950e-06;0.0009773692981918016
6.75975e-06;0.0009799508058639488
6.76000e-06;0.0009791539429860434
6.76025e-06;0.0009773688927692309
6.76050e-06;0.000971298561331697
6.76075e-06;0.0009642847140003492
6.76100e-06;0.0009531793034784992
6.76125e-06;0.0009409863987755661
6.76150e-06;0.0009240775680453215
6.76175e-06;0.0009060081632458345
6.76200e-06;0.000882905920978997
6.76225e-06;0.000858773688586483
6.76250e-06;0.000830174896899665
6.76275e-06;0.000800678487851632
6.76300e-06;0.0007672895549176011
6.76325e-06;0.0007330172552006511
6.76350e-06;0.0006949142293282616
6.76375e-06;0.0006559864532878708
6.76400e-06;0.000613482142446986
6.76425e-06;0.0005703392988099402
6.76450e-06;0.0005244274532916641
6.76475e-06;0.000478064372185914
6.76500e-06;0.0004297445048394782
6.76525e-06;0.000381028459966273
6.76550e-06;0.00033059438851188263
6.76575e-06;0.0002801603170576631
6.76600e-06;0.00022957131760388013
6.76625e-06;0.00017831047180982967
6.76650e-06;0.0001271244497320884
6.76675e-06;7.638765240289433e-05
6.76700e-06;2.6364871771323553e-05
6.76725e-06;-2.2697997816020595e-05
6.76750e-06;-7.060237038169286e-05
6.76775e-06;-0.00011711831389997508
6.76800e-06;-0.0001619434273131067
6.76825e-06;-0.00020475038525501874
6.76850e-06;-0.0002452116557970625
6.76875e-06;-0.0002829986532657012
6.76900e-06;-0.00031786491424231955
6.76925e-06;-0.0003500343434024996
6.76950e-06;-0.0003803120478146874
6.76975e-06;-0.00040933426080405627
6.77000e-06;-0.0004369925695675125
6.77025e-06;-0.00046289382907270245
6.77050e-06;-0.0004881320903801886
6.77075e-06;-0.0005104952554244144
6.77100e-06;-0.0005321889623359538
6.77125e-06;-0.000550979559432103
6.77150e-06;-0.0005693954421282257
6.77175e-06;-0.00058618637324129
6.77200e-06;-0.0006025179409018316
6.77225e-06;-0.0006168574757780789
6.77250e-06;-0.0006311970106543746
6.77275e-06;-0.0006448727765399436
6.77300e-06;-0.0006556701036138554
6.77325e-06;-0.0006664674306878038
6.77350e-06;-0.0006768597824707051
6.77375e-06;-0.0006854959561076681
6.77400e-06;-0.0006941321297446603
6.77425e-06;-0.0007021037129105271
6.77450e-06;-0.0007071932949093601
6.77475e-06;-0.0007122828769082105
6.77500e-06;-0.0007173724589070436
6.77525e-06;-0.0007224620409058767
6.77550e-06;-0.000727551622904727
6.77575e-06;-0.0007326412049035602
6.77600e-06;-0.0007377307869023932
6.77625e-06;-0.0007428203689012436
6.77650e-06;-0.0007458652428710919
6.77675e-06;-0.0007479802216543695
6.77700e-06;-0.00075009520043764
6.77725e-06;-0.0007522101792209105
6.77750e-06;-0.0007543251580041881
6.77775e-06;-0.0007564401367874586
6.77800e-06;-0.000758555115570729
6.77825e-06;-0.0007606700943540067
6.77850e-06;-0.000762803250075236
6.77875e-06;-0.0007650152302134287
6.77900e-06;-0.0007672272103516289
6.77925e-06;-0.0007694391904898216
6.77950e-06;-0.0007716511706280144
6.77975e-06;-0.0007738631507662146
6.78000e-06;-0.0007760751309044073
6.78025e-06;-0.0007782871110426
6.78050e-06;-0.0007804990911808003
6.78075e-06;-0.0007851509966152879
6.78100e-06;-0.0007909125346996858
6.78125e-06;-0.0007966740727840643
6.78150e-06;-0.0008024356108684426
6.78175e-06;-0.0008081971489528406
6.78200e-06;-0.000813958687037219
6.78225e-06;-0.0008197202251215974
6.78250e-06;-0.0008254817632059953
6.78275e-06;-0.0008319562868163114
6.78300e-06;-0.0008415226770823325
6.78325e-06;-0.000851089067348386
6.78350e-06;-0.0008606554576144071
6.78375e-06;-0.0008702218478804282
6.78400e-06;-0.0008797882381464816
6.78425e-06;-0.0008893546284125028
6.78450e-06;-0.0008989210186785239
6.78475e-06;-0.0009084874089445773
6.78500e-06;-0.0009183421084592455
6.78525e-06;-0.0009294470630211226
6.78550e-06;-0.0009405520175829621
6.78575e-06;-0.0009516569721448017
6.78600e-06;-0.0009627619267066788
6.78625e-06;-0.0009738668812685182
6.78650e-06;-0.0009849718358303577
6.78675e-06;-0.000996076790392235
6.78700e-06;-0.0010071817449540743
6.78725e-06;-0.0010179360568103343
6.78750e-06;-0.001027169804153233
6.78775e-06;-0.0010364035514961005
6.78800e-06;-0.001045637298838968
6.78825e-06;-0.001054871046181867
6.78850e-06;-0.0010641047935247344
6.78875e-06;-0.0010733385408676019
6.78900e-06;-0.0010814501987263666
6.78925e-06;-0.0010846959077911822
6.78950e-06;-0.001087941616856009
6.78975e-06;-0.0010911873259208246
6.79000e-06;-0.0010944330349856404
6.79025e-06;-0.0010976787440504672
6.79050e-06;-0.0011009244531152828
6.79075e-06;-0.001102359140486707
6.79100e-06;-0.001095940319783283
6.79125e-06;-0.001089521499079881
6.79150e-06;-0.0010831026783764788
6.79175e-06;-0.001076683857673055
6.79200e-06;-0.0010702650369696527
6.79225e-06;-0.0010638462162662506
6.79250e-06;-0.0010574273955628265
6.79275e-06;-0.001049283368666059
6.79300e-06;-0.0010336579732032108
6.79325e-06;-0.0010180325777403097
6.79350e-06;-0.0010024071822774614
6.79375e-06;-0.0009867817868145603
6.79400e-06;-0.000971156391351712
6.79425e-06;-0.0009555309958888638
6.79450e-06;-0.0009399056004259625
6.79475e-06;-0.0009234147709296686
6.79500e-06;-0.0009031709807737711
6.79525e-06;-0.000882927190617805
6.79550e-06;-0.0008626834004619075
6.79575e-06;-0.0008424396103060099
6.79600e-06;-0.0008221958201500438
6.79625e-06;-0.0008019452164762059
6.79650e-06;-0.000781665065934791
6.79675e-06;-0.0007613849153933075
6.79700e-06;-0.0007411047648518927
6.79725e-06;-0.0007208246143104778
6.79750e-06;-0.0007005444637689943
6.79775e-06;-0.0006807426992662989
6.79800e-06;-0.0006630154591222741
6.79825e-06;-0.0006452882189783094
6.79850e-06;-0.0006280478890421294
6.79875e-06;-0.0006129190485825675
6.79900e-06;-0.0005983562991172521
6.79925e-06;-0.0005862484071553199
6.79950e-06;-0.0005749402327736443
6.79975e-06;-0.0005671000391983962
