Time(s);Current(A)
7.05000e-06;0.0001518912122149441
7.05025e-06;0.0001425673301831772
7.05050e-06;0.00013286246146652377
7.05075e-06;0.00012267889400735096
7.05100e-06;0.0001121053341591891
7.05125e-06;0.00010123249938862814
7.05150e-06;9.011584751226424e-05
7.05175e-06;7.879121836918735e-05
7.05200e-06;6.729715165743934e-05
7.05225e-06;5.5521419619183665e-05
7.05250e-06;4.330246197084156e-05
7.05275e-06;3.074012098460269e-05
7.05300e-06;1.791595412788322e-05
7.05325e-06;4.91214018586075e-06
7.05350e-06;-8.189162069846788e-06
7.05375e-06;-2.1352759341384193e-05
7.05400e-06;-3.4544941185493243e-05
7.05425e-06;-4.773712302960229e-05
7.05450e-06;-6.097594188782341e-05
7.05475e-06;-7.425275888356025e-05
7.05500e-06;-8.752957587929708e-05
7.05525e-06;-0.00010058816205496879
7.05550e-06;-0.00011346895716638283
7.05575e-06;-0.0001259979613062874
7.05600e-06;-0.0001382403638966745
7.05625e-06;-0.00015009073646615704
7.05650e-06;-0.00016162172502481823
7.05675e-06;-0.00017278326891189557
7.05700e-06;-0.0001833369119342421
7.05725e-06;-0.00019328807944016084
7.05750e-06;-0.0002025541827777876
7.05775e-06;-0.0002109139041181267
7.05800e-06;-0.0002176722066601428
7.05825e-06;-0.00022178154189419458
7.05850e-06;-0.00022256091934466174
7.05875e-06;-0.00021992206851748842
7.05900e-06;-0.0002139888175862193
7.05925e-06;-0.00020488845363932234
7.05950e-06;-0.00019274826079328632
7.05975e-06;-0.00017760865694143896
7.06000e-06;-0.00015921332756393773
7.06025e-06;-0.00013708518030706863
7.06050e-06;-0.0001109767820627693
7.06075e-06;-8.101199151860117e-05
7.06100e-06;-4.744751859369046e-05
7.06125e-06;-1.0542220775288176e-05
7.06150e-06;2.9445054864093554e-05
7.06175e-06;7.230989523713922e-05
7.06200e-06;0.000118033762315723
7.06225e-06;0.0001667363924187162
7.06250e-06;0.00021839364768222225
7.06275e-06;0.00027274883123063246
7.06300e-06;0.00032946204644475764
7.06325e-06;0.00038861154580825143
7.06350e-06;0.00044893944987432234
7.06375e-06;0.0005109747256194229
7.06400e-06;0.0005744009846708105
7.06425e-06;0.0006378272437221979
7.06450e-06;0.0007023322722872572
7.06475e-06;0.000767716166539848
7.06500e-06;0.0008331000607924388
7.06525e-06;0.0008984839550452513
7.06550e-06;0.0009622026118115677
7.06575e-06;0.0010245646116920902
7.06600e-06;0.0010869266115728238
7.06625e-06;0.0011492886114533463
7.06650e-06;0.0012078793885967106
7.06675e-06;0.0012633977779659493
7.06700e-06;0.001318916167335
7.06725e-06;0.0013701076106166173
7.06750e-06;0.0014177739223463167
7.06775e-06;0.001461110775386668
7.06800e-06;0.001500920449877046
7.06825e-06;0.0015365652464369767
7.06850e-06;0.0015688169471959107
7.06875e-06;0.0015968612054821725
7.06900e-06;0.0016214776909437652
7.06925e-06;0.0016415960633345192
7.06950e-06;0.0016580498556756284
7.06975e-06;0.0016687744242512342
7.07000e-06;0.0016748314358356752
7.07025e-06;0.0016808884474201365
7.07050e-06;0.0016807830840852417
7.07075e-06;0.0016756572786600947
7.07100e-06;0.00167053147323493
7.07125e-06;0.0016596094912271872
7.07150e-06;0.0016439654062544943
7.07175e-06;0.0016283213212818545
7.07200e-06;0.001607573105085603
7.07225e-06;0.0015826665902521477
7.07250e-06;0.0015577600754187767
7.07275e-06;0.0015288479816044206
7.07300e-06;0.0014966725716862815
7.07325e-06;0.0014644971617682513
7.07350e-06;0.0014285170569810607
7.07375e-06;0.0013894372949170078
7.07400e-06;0.0013503575328530873
7.07425e-06;0.0013112777707891667
7.07450e-06;0.001272198008725114
7.07475e-06;0.0012314064271425579
7.07500e-06;0.0011892202386310075
7.07525e-06;0.0011470340501193142
7.07550e-06;0.0011048478616077638
7.07575e-06;0.0010626616730960703
7.07600e-06;0.0010216135926627385
7.07625e-06;0.0009814927206146982
7.07650e-06;0.000941371848566522
7.07675e-06;0.000903339472457742
7.07700e-06;0.0008670085788219921
7.07725e-06;0.000833078267643722
7.07750e-06;0.000801103693558397
7.07775e-06;0.0007722693049598621
7.07800e-06;0.0007459932026702156
7.07825e-06;0.0007227005636712393
7.07850e-06;0.000703997486253089
7.07875e-06;0.000689217221819501
7.07900e-06;0.0006783673491485156
7.07925e-06;0.0006714544314616096
7.07950e-06;0.0006684850343367171
7.07975e-06;0.0006694896756492665
7.08000e-06;0.0006745698896493743
7.08025e-06;0.000683849918704996
7.08050e-06;0.0006973399057075515
7.08075e-06;0.0007149176775882013
7.08100e-06;0.0007374322173103625
7.08125e-06;0.0007625006270512874
7.08150e-06;0.0007914510706120885
7.08175e-06;0.0008235641789303876
7.08200e-06;0.0008593042064578069
7.08225e-06;0.000897999058722536
7.08250e-06;0.0009399619184044712
7.08275e-06;0.000984587199993577
7.08300e-06;0.001032437683889492
7.08325e-06;0.0010829157166796163
7.08350e-06;0.0011333937494697407
7.08375e-06;0.0011871159381372741
7.08400e-06;0.0012434811170352511
7.08425e-06;0.001299846295933419
7.08450e-06;0.0013562114748313957
7.08475e-06;0.0014125766537293727
7.08500e-06;0.0014694309624095443
7.08525e-06;0.001526683761570323
7.08550e-06;0.0015839365607311015
7.08575e-06;0.001641189359892074
7.08600e-06;0.0016984421590528526
7.08625e-06;0.0017503169506047798
7.08650e-06;0.001797810318419029
7.08675e-06;0.0018453036862331174
7.08700e-06;0.0018927970540472056
7.08725e-06;0.001940290421861455
7.08750e-06;0.001987783789675543
7.08775e-06;0.0020340922181499833
7.08800e-06;0.0020583776363464383
7.08825e-06;0.002082663054542811
7.08850e-06;0.002106948472739266
7.08875e-06;0.002131233890935639
7.08900e-06;0.0021555193091320115
7.08925e-06;0.002179804727328466
7.08950e-06;0.0021926611122925145
7.08975e-06;0.0021962063468932173
7.09000e-06;0.0021997515814939322
7.09025e-06;0.002196061250170974
7.09050e-06;0.002186476155843246
7.09075e-06;0.0021768910615154857
7.09100e-06;0.0021606324970002383
7.09125e-06;0.002138937104793927
7.09150e-06;0.002117241712587542
7.09175e-06;0.0020895212938939
7.09200e-06;0.002056892329882032
7.09225e-06;0.002024263365870054
7.09250e-06;0.0019866244023170974
7.09275e-06;0.0019449038285265846
7.09300e-06;0.0019031832547362132
7.09325e-06;0.0018565520268582307
7.09350e-06;0.001805920124762097
7.09375e-06;0.0017552882226661351
7.09400e-06;0.0017046563205701732
7.09425e-06;0.0016540244184740395
7.09450e-06;0.0016031794177401258
7.09475e-06;0.001548373814692479
7.09500e-06;0.001493568211644647
7.09525e-06;0.0014387626085970002
7.09550e-06;0.0013839570055493536
7.09575e-06;0.0013291514025015212
7.09600e-06;0.001276057825035318
7.09625e-06;0.001224359022375409
7.09650e-06;0.001172660219715325
7.09675e-06;0.0011236592349518019
7.09700e-06;0.0010768561428332907
7.09725e-06;0.001033146036711522
7.09750e-06;0.0009919557638159028
7.09775e-06;0.0009544973085789147
7.09800e-06;0.0009200791380833351
7.09825e-06;0.0008856609675877555
7.09850e-06;0.0008529224660008641
7.09875e-06;0.0008215523784741254
7.09900e-06;0.0007921645733314706
7.09925e-06;0.0007643917192490901
7.09950e-06;0.0007366188651668037
7.09975e-06;0.0007114590099618056
7.10000e-06;0.0006884279459629886
7.10025e-06;0.0006653968819642496
7.10050e-06;0.0006434618041470932
7.10075e-06;0.0006224196183114817
7.10100e-06;0.0006013774324759414
7.10125e-06;0.000581842369307994
7.10150e-06;0.0005635351480306875
7.10175e-06;0.000545227926753381
7.10200e-06;0.0005281567772228637
7.10225e-06;0.0005120926463665186
7.10250e-06;0.0004960285155101735
7.10275e-06;0.0004806159824711293
7.10300e-06;0.00046573430144113403
7.10325e-06;0.00045085262041113876
7.10350e-06;0.0004370313856131678
7.10375e-06;0.000424074088658079
7.10400e-06;0.0004111167917029903
7.10425e-06;0.0003987908687942949
7.10450e-06;0.00038697932173535003
7.10475e-06;0.00037516777467640514
7.10500e-06;0.00036399418788796427
7.10525e-06;0.0003533403426982041
7.10550e-06;0.0003426864975084079
7.10575e-06;0.00033286710339025153
7.10600e-06;0.00032372753049915524
7.10625e-06;0.000314587957608028
7.10650e-06;0.00030601718963440313
7.10675e-06;0.0002979098228955622
7.10700e-06;0.00028980245615669377
7.10725e-06;0.00028231950034994367
7.10750e-06;0.00027534524759418997
7.10775e-06;0.0002691494736970786
7.10800e-06;0.0002635879208716948
7.10825e-06;0.00025899814349426565
7.10850e-06;0.00025596258568053845
7.10875e-06;0.0002542964155802754
7.10900e-06;0.00025397238242395225
7.10925e-06;0.0002549622554960313
7.10950e-06;0.00025723780408096317
7.10975e-06;0.000260794260886587
7.11000e-06;0.0002657053623834057
7.11025e-06;0.0002720987613137875
7.11050e-06;0.0002800325712643557
7.11075e-06;0.0002898383447347149
7.11100e-06;0.0003006061508232668
7.11125e-06;0.0003127939911999795
7.11150e-06;0.0003261387231967467
7.11175e-06;0.00034076612501059004
7.11200e-06;0.0003564385086077638
7.11225e-06;0.00037338094020775766
7.11250e-06;0.00039135807069066227
7.11275e-06;0.00041064054321184143
7.11300e-06;0.00043098646841008845
7.11325e-06;0.00045133239360833547
7.11350e-06;0.0004730222535812131
7.11375e-06;0.0004958070074531183
7.11400e-06;0.0005185917613251008
7.11425e-06;0.0005413765151970061
7.11450e-06;0.0005641612690689114
7.11475e-06;0.0005869667578701474
7.11500e-06;0.0006101576213006544
7.11525e-06;0.0006333484847311616
7.11550e-06;0.0006565393481617474
7.11575e-06;0.0006797302115922546
7.11600e-06;0.0007029210750227618
7.11625e-06;0.0007246184346214455
7.11650e-06;0.0007450990474964079
7.11675e-06;0.0007655796603713703
7.11700e-06;0.0007860602732464021
7.11725e-06;0.0008043551150727787
7.11750e-06;0.0008208692251024537
7.11775e-06;0.0008373833351321847
7.11800e-06;0.0008538974451618598
7.11825e-06;0.0008716250696556581
7.11850e-06;0.0008903413355687571
7.11875e-06;0.0009117897083733995
7.11900e-06;0.0009354639088176515
7.11925e-06;0.0009591381092618234
7.11950e-06;0.0009853033779024382
7.11975e-06;0.0010134981017085672
7.12000e-06;0.0010416928255146006
7.12025e-06;0.0010732622193553646
7.12050e-06;0.001107580932361113
7.12075e-06;0.0011454663744008063
7.12100e-06;0.0011862576046770333
7.12125e-06;0.0012270488349533986
7.12150e-06;0.0012709515001386922
7.12175e-06;0.0013173890287439547
7.12200e-06;0.0013638265573493744
7.12225e-06;0.0014150332524157775
7.12250e-06;0.0014701253527565363
7.12275e-06;0.0015252174530971084
7.12300e-06;0.0015803095534376805
7.12325e-06;0.0016354016537784392
7.12350e-06;0.001690493754119011
7.12375e-06;0.0017458314223540872
7.12400e-06;0.0018057331590309988
7.12425e-06;0.0018656348957077074
7.12450e-06;0.001925536632384416
7.12475e-06;0.0019854383690613275
7.12500e-06;0.002045340105738036
7.12525e-06;0.0021052418424147446
7.12550e-06;0.0021620240775383666
7.12575e-06;0.0022162648774055704
7.12600e-06;0.0022705056772727747
7.12625e-06;0.0023247464771401624
7.12650e-06;0.002378987277007366
7.12675e-06;0.002433228076874754
7.12700e-06;0.0024865714013640526
7.12725e-06;0.0025232344547780395
7.12750e-06;0.0025598975081921505
7.12775e-06;0.0025965605616061374
7.12800e-06;0.002633223615020124
7.12825e-06;0.0026698866684342353
7.12850e-06;0.0027065497218482218
7.12875e-06;0.0027335773925836085
7.12900e-06;0.0027527551870401555
7.12925e-06;0.0027719329814966374
7.12950e-06;0.002784532848780584
7.12975e-06;0.002791773726577815
7.13000e-06;0.0027990146043750212
7.13025e-06;0.0027999904006446035
7.13050e-06;0.0027958620805019624
7.13075e-06;0.0027917337603593356
7.13100e-06;0.0027780104322101544
7.13125e-06;0.0027564701207345647
7.13150e-06;0.0027349298092589746
7.13175e-06;0.0027133894977833116
7.13200e-06;0.0026918491863077215
7.13225e-06;0.002670308874832132
7.13250e-06;0.002648768563356469
7.13275e-06;0.0026263505051605427
7.13300e-06;0.0025876188481919406
7.13325e-06;0.002548887191223207
7.13350e-06;0.0025101555342546046
7.13375e-06;0.002471423877286002
7.13400e-06;0.0024326922203172685
7.13425e-06;0.0023939605633486664
7.13450e-06;0.002355228906380064
7.13475e-06;0.0023138817101325177
7.13500e-06;0.002270403653033632
7.13525e-06;0.0022269255959345997
7.13550e-06;0.002183447538835714
7.13575e-06;0.002139969481736829
7.13600e-06;0.002096491424637796
7.13625e-06;0.0020565228306378956
7.13650e-06;0.002019413370732321
7.13675e-06;0.0019823039108266202
7.13700e-06;0.0019451944509210456
7.13725e-06;0.001908084991015471
7.13750e-06;0.0018709755311097705
7.13775e-06;0.0018390086448259444
7.13800e-06;0.0018112313759164607
7.13825e-06;0.0017834541070068828
7.13850e-06;0.001755676838097399
7.13875e-06;0.0017278995691879153
7.13900e-06;0.0017001223002783374
7.13925e-06;0.0016724253769805446
7.13950e-06;0.0016462217387512165
7.13975e-06;0.001620018100521977
7.14000e-06;0.0015938144622927378
7.14025e-06;0.0015676108240634096
7.14050e-06;0.0015414071858341702
7.14075e-06;0.0015152035476049307
7.14100e-06;0.0014882098045752292
7.14125e-06;0.0014605723689040625
7.14150e-06;0.0014329349332328958
7.14175e-06;0.0014052974975616354
7.14200e-06;0.0013776600618904686
7.14225e-06;0.0013500226262193019
7.14250e-06;0.0013223851905480417
7.14275e-06;0.001294747754876875
7.14300e-06;0.0012670803159354998
7.14325e-06;0.0012388552431115067
7.14350e-06;0.0012106301702876092
7.14375e-06;0.001182405097463616
7.14400e-06;0.0011541800246397185
7.14425e-06;0.001125954951815821
7.14450e-06;0.0010977298789918279
7.14475e-06;0.0010695048061679304
7.14500e-06;0.0010412797333440328
7.14525e-06;0.0010144518058244519
7.14550e-06;0.000988762122435533
7.14575e-06;0.0009630724390466145
7.14600e-06;0.0009373827556576088
7.14625e-06;0.0009116930722686902
7.14650e-06;0.000888570341925764
7.14675e-06;0.0008675388895828249
7.14700e-06;0.0008465074372399571
7.14725e-06;0.0008254759848970892
7.14750e-06;0.0008044445325541501
7.14775e-06;0.0007864679152922484
7.14800e-06;0.0007709800499801709
7.14825e-06;0.0007587301531317936
7.14850e-06;0.0007491182056698309
7.14875e-06;0.0007430487700388803
7.14900e-06;0.0007398653930635227
7.14925e-06;0.0007401223345263546
7.14950e-06;0.0007431820784299423
7.14975e-06;0.000749726790239042
7.15000e-06;0.0007591106800855457
7.15025e-06;0.0007723918557812762
7.15050e-06;0.0007888481219479185
7.15075e-06;0.0008090565311192249
7.15100e-06;0.0008323217839404512
7.15125e-06;0.0008589392270307132
7.15150e-06;0.0008882876751824358
7.15175e-06;0.00092068045039415
7.15200e-06;0.0009555534167470002
7.15225e-06;0.0009940524736873444
7.15250e-06;0.0010355056802885867
7.15275e-06;0.001076958886889829
7.15300e-06;0.0011217823156872615
7.15325e-06;0.001169351440025789
7.15350e-06;0.0012169205643643164
7.15375e-06;0.00126607008311453
7.15400e-06;0.0013179117588650933
7.15425e-06;0.0013708977692661634
7.15450e-06;0.001423883779667413
7.15475e-06;0.001476869790068483
7.15500e-06;0.0015298558004695532
7.15525e-06;0.001582737904413118
7.15550e-06;0.0016336888268237303
7.15575e-06;0.0016846397492343425
7.15600e-06;0.0017355906716451273
7.15625e-06;0.0017865415940557395
7.15650e-06;0.0018374925164665243
7.15675e-06;0.0018843063861852727
7.15700e-06;0.001927749829128468
7.15725e-06;0.001971193272071811
7.15750e-06;0.0020094565856042463
7.15775e-06;0.002043499685335453
7.15800e-06;0.0020775427850667754
7.15825e-06;0.002104074638346762
7.15850e-06;0.0021244871337065406
7.15875e-06;0.002144899629066388
7.15900e-06;0.0021571158679001973
7.15925e-06;0.002162654676082079
7.15950e-06;0.0021681934842639797
7.15975e-06;0.002165319930787327
7.16000e-06;0.002155592887377185
7.16025e-06;0.00214586584396701
7.16050e-06;0.0021275436497954956
7.16075e-06;0.0021022190487362514
7.16100e-06;0.0020768944476770926
7.16125e-06;0.002043883530631607
7.16150e-06;0.002004610627787621
7.16175e-06;0.0019653377249437684
7.16200e-06;0.0019192199390107793
7.16225e-06;0.0018675256765482465
7.16250e-06;0.0018158314140858888
7.16275e-06;0.0017584993224048632
7.16300e-06;0.0016965741322141792
7.16325e-06;0.001634648942023705
7.16350e-06;0.00156809654448945
7.16375e-06;0.0014977743947455489
7.16400e-06;0.001427452245001886
7.16425e-06;0.001357130095258223
7.16450e-06;0.0012866175698796048
7.16475e-06;0.001212566766728237
7.16500e-06;0.0011385159635766183
7.16525e-06;0.0010644651604252507
7.16550e-06;0.000990414357273883
7.16575e-06;0.0009180738054936455
7.16600e-06;0.0008471265830820129
7.16625e-06;0.0007761793606703804
7.16650e-06;0.0007082096514966492
7.16675e-06;0.0006426657007284615
7.16700e-06;0.0005796924783244707
7.16725e-06;0.0005208848702060528
7.16750e-06;0.0004661041169937132
7.16775e-06;0.00041580952221709287
7.16800e-06;0.0003703343088410382
7.16825e-06;0.00032982445239796175
7.16850e-06;0.00029434070554208437
7.16875e-06;0.0002639674021560503
7.16900e-06;0.00023880974282735565
7.16925e-06;0.00021897335396459892
7.16950e-06;0.00020456380169395685
7.16975e-06;0.00019566958931944815
7.17000e-06;0.00019230025881758828
7.17025e-06;0.00019434803972421727
7.17050e-06;0.00020165177931154066
7.17075e-06;0.00021406510358575826
7.17100e-06;0.0002314546995058755
7.17125e-06;0.00025368753999588075
7.17150e-06;0.00028063056739002963
7.17175e-06;0.00031214003121199016
7.17200e-06;0.0003480227172983695
7.17225e-06;0.0003880119427610807
7.17250e-06;0.00043180763578276837
7.17275e-06;0.00047911896006376016
7.17300e-06;0.0005296632699123795
7.17325e-06;0.0005838583397078766
7.17350e-06;0.0006398915661366199
7.17375e-06;0.0006988423668873577
7.17400e-06;0.0007601700942436624
7.17425e-06;0.0008214978216001749
7.17450e-06;0.000884789024250641
7.17475e-06;0.0009496798559595736
7.17500e-06;0.0010145706876687258
7.17525e-06;0.0010794615193776584
7.17550e-06;0.0011442166392666429
7.17575e-06;0.0012064494504777142
7.17600e-06;0.0012686822616885748
7.17625e-06;0.0013309150728994354
7.17650e-06;0.0013931478841105068
7.17675e-06;0.0014507055382697498
7.17700e-06;0.0015044543759419238
7.17725e-06;0.0015582032136142797
7.17750e-06;0.0016069303975464145
7.17775e-06;0.0016515664766567708
7.17800e-06;0.0016910803765738964
7.17825e-06;0.00172642127431283
7.17850e-06;0.0017561363391691844
7.17875e-06;0.0017812680788451831
7.17900e-06;0.0018006208880037612
7.17925e-06;0.0018152656444513347
7.17950e-06;0.001823995886115328
7.17975e-06;0.0018279076155516957
7.18000e-06;0.0018257798630172308
7.18025e-06;0.0018187317883955236
7.18050e-06;0.0018057955652705225
7.18075e-06;0.00178806231033487
7.18100e-06;0.0017648117027596426
7.18125e-06;0.0017370661480703247
7.18150e-06;0.001704185070668705
7.18175e-06;0.0016671201202211755
7.18200e-06;0.0016253080845966966
7.18225e-06;0.0015796286331646175
7.18250e-06;0.001528862403493846
7.18275e-06;0.0014739520125454041
7.18300e-06;0.0014190416215971483
7.18325e-06;0.0013594303773438573
7.18350e-06;0.001295989382052767
7.18375e-06;0.0012325483867618916
7.18400e-06;0.0011657431808073614
7.18425e-06;0.001096197176864748
7.18450e-06;0.0010266511729223702
7.18475e-06;0.0009571051689799923
7.18500e-06;0.0008868628723115637
7.18525e-06;0.0008160533110179915
7.18550e-06;0.0007452437497244193
7.18575e-06;0.0006744341884306072
7.18600e-06;0.0006053729809556591
7.18625e-06;0.0005377361446352681
7.18650e-06;0.00047180625231885756
7.18675e-06;0.00040874798114669703
7.18700e-06;0.000348635952086984
7.18725e-06;0.0002919396550671094
7.18750e-06;0.00023912857704190842
7.18775e-06;0.0001905741603381684
7.18800e-06;0.00014627826533735545
7.18825e-06;0.00010586964282073243
7.18850e-06;6.907111565932058e-05
7.18875e-06;3.592702126953552e-05
7.18900e-06;6.609802814609738e-06
7.18925e-06;-1.8705897309621342e-05
7.18950e-06;-3.984549201973535e-05
7.18975e-06;-5.669581902476003e-05
7.19000e-06;-6.937521542204506e-05
7.19025e-06;-7.823572127730383e-05
7.19050e-06;-8.357042383563173e-05
7.19075e-06;-8.547101565572294e-05
7.19100e-06;-8.394894214842041e-05
7.19125e-06;-7.901426819203488e-05
7.19150e-06;-7.067709430173524e-05
7.19175e-06;-5.8986006936086383e-05
7.19200e-06;-4.413459861164844e-05
7.19225e-06;-2.646283285881851e-05
7.19250e-06;-6.273726311993678e-06
7.19275e-06;1.625588521984974e-05
7.19300e-06;4.0999435556189956e-05
7.19325e-06;6.78312283757248e-05
7.19350e-06;9.662555308388433e-05
7.19375e-06;0.00012723259275083167
7.19400e-06;0.0001594117158306313
7.19425e-06;0.00019305390633778246
7.19450e-06;0.0002273620910327469
7.19475e-06;0.00026245308309725976
7.19500e-06;0.0002981818226385671
7.19525e-06;0.00033391056217987446
7.19550e-06;0.0003696142102999373
7.19575e-06;0.00040485151503318804
7.19600e-06;0.00044008881976643886
7.19625e-06;0.00047532612449980904
7.19650e-06;0.0005090807819016186
7.19675e-06;0.000541627537293723
7.19700e-06;0.0005723742968826577
7.19725e-06;0.0006016546129672811
7.19750e-06;0.0006286837234376093
7.19775e-06;0.0006538787930487672
7.19800e-06;0.0006779365094301287
7.19825e-06;0.0007010676323979778
7.19850e-06;0.0007241987553659055
7.19875e-06;0.0007472029739645456
7.19900e-06;0.000770103804495615
7.19925e-06;0.000793004635026607
7.19950e-06;0.0008159054655575989
7.19975e-06;0.0008388062960886683
7.20000e-06;0.0008617515008707953
7.20025e-06;0.0008855214352784773
7.20050e-06;0.0009092913696862399
7.20075e-06;0.0009330613040939219
7.20100e-06;0.0009568312385016039
7.20125e-06;0.0009806011729093665
7.20150e-06;0.0010055521093474066
7.20175e-06;0.0010314651995596772
7.20200e-06;0.0010573782897720357
7.20225e-06;0.0010832913799843063
7.20250e-06;0.001109204470196577
7.20275e-06;0.0011351175604089353
7.20300e-06;0.001161030650621206
7.20325e-06;0.0011869437408335644
7.20350e-06;0.0012133252575246846
7.20375e-06;0.0012400883978650203
7.20400e-06;0.0012668515382054466
7.20425e-06;0.0012936146785457823
7.20450e-06;0.001320377818886118
7.20475e-06;0.0013471409592265443
7.20500e-06;0.00137390409956688
7.20525e-06;0.0014006672399072156
7.20550e-06;0.0014254147433821799
7.20575e-06;0.0014485201221463657
7.20600e-06;0.0014716255009105518
7.20625e-06;0.0014947308796748162
7.20650e-06;0.0015178362584390022
7.20675e-06;0.0015409416372031883
7.20700e-06;0.001563772918396912
7.20725e-06;0.0015815098851902612
7.20750e-06;0.0015992468519836103
7.20775e-06;0.0016169838187770195
7.20800e-06;0.0016347207855703686
7.20825e-06;0.0016524577523637778
7.20850e-06;0.001670194719157127
7.20875e-06;0.001691441494876349
7.20900e-06;0.0017155476864286379
7.20925e-06;0.001739653877980845
7.20950e-06;0.0017637600695330521
7.20975e-06;0.001787866261085341
7.21000e-06;0.0018119724526375483
7.21025e-06;0.0018360786441897555
7.21050e-06;0.0018601848357420443
7.21075e-06;0.0018842910272942515
7.21100e-06;0.0019083972188464586
7.21125e-06;0.0019325034103987474
7.21150e-06;0.0019572035839953935
7.21175e-06;0.0019929433712422583
7.21200e-06;0.002028683158489244
7.21225e-06;0.0020644229457361086
7.21250e-06;0.0021001627329830944
7.21275e-06;0.0021359025202299592
7.21300e-06;0.0021716423074768236
7.21325e-06;0.0022073820947238094
7.21350e-06;0.0022431218819706743
7.21375e-06;0.002278861669217539
7.21400e-06;0.002314601456464525
7.21425e-06;0.0023503412437113893
7.21450e-06;0.0023873455284868306
7.21475e-06;0.0024253799902121858
7.21500e-06;0.0024634144519374125
7.21525e-06;0.002501448913662639
7.21550e-06;0.0025394833753879945
7.21575e-06;0.0025775178371132213
7.21600e-06;0.002615204986473672
7.21625e-06;0.002646437068113995
7.21650e-06;0.002677669149754212
7.21675e-06;0.002708901231394535
7.21700e-06;0.0027401333130347523
7.21725e-06;0.002771365394674969
7.21750e-06;0.002802597476315292
7.21775e-06;0.002827417299645902
7.21800e-06;0.002847013102717957
7.21825e-06;0.002866608905790079
7.21850e-06;0.0028780997613479923
7.21875e-06;0.002882987575050218
7.21900e-06;0.0028878753887524606
7.21925e-06;0.002884603555066236
7.21950e-06;0.002874684115934221
7.21975e-06;0.0028647646768021726
7.22000e-06;0.002846069692792052
7.22025e-06;0.0028202253361260437
7.22050e-06;0.0027943809794599476
7.22075e-06;0.0027595972348991352
7.22100e-06;0.0027175306359670443
7.22125e-06;0.002675464037035096
7.22150e-06;0.0026257957379855344
7.22175e-06;0.0025699343890781923
7.22200e-06;0.0025140730401710396
7.22225e-06;0.0024512222106145877
7.22250e-06;0.0023826771019532997
7.22275e-06;0.002314131993292244
7.22300e-06;0.0022389996640344904
7.22325e-06;0.0021585007740142644
7.22350e-06;0.0020780018839943112
7.22375e-06;0.0019975029939743576
7.22400e-06;0.0019170041039541317
7.22425e-06;0.001832743804238096
7.22450e-06;0.0017454191113703997
7.22475e-06;0.0016580944185024076
7.22500e-06;0.0015707697256347112
7.22525e-06;0.0014834450327667191
7.22550e-06;0.0013973554750348067
7.22575e-06;0.0013122721729243731
7.22600e-06;0.0012271888708136514
7.22625e-06;0.0011449840480130002
7.22650e-06;0.0010651243013929412
7.22675e-06;0.0009888638888268823
7.22700e-06;0.0009155358275647368
7.22725e-06;0.0008456926540210321
7.22750e-06;0.0007814307825592514
7.22775e-06;0.0007222647527711314
7.22800e-06;0.0006678605272751391
7.22825e-06;0.0006172285286785099
7.22850e-06;0.0005696788114763174
7.22875e-06;0.0005252262867215964
7.22900e-06;0.0004841549570839289
7.22925e-06;0.000446753337750722
7.22950e-06;0.00041330995815299824
7.22975e-06;0.00038399140754475074
7.23000e-06;0.0003585197264662539
7.23025e-06;0.00033620638739936343
7.23050e-06;0.00031655063351759957
7.23075e-06;0.000299493171975273
7.23100e-06;0.00028514335263422474
7.23125e-06;0.00027361333571326087
7.23150e-06;0.00026501519709148024
7.23175e-06;0.0002593846782669818
7.23200e-06;0.0002564790500285375
7.23225e-06;0.0002557984355771379
7.23250e-06;0.00025696062903387065
7.23275e-06;0.00025985995936676277
7.23300e-06;0.0002644963827708935
7.23325e-06;0.0002708716294382312
7.23350e-06;0.0002789873844189633
7.23375e-06;0.0002891626321921401
7.23400e-06;0.0003003788701003693
7.23425e-06;0.00031264705683665945
7.23450e-06;0.000325772258640336
7.23475e-06;0.0003397189716175942
7.23500e-06;0.00035433496377934993
7.23525e-06;0.0003689509559411552
7.23550e-06;0.0003841458729254351
7.23575e-06;0.00039981243575646437
7.23600e-06;0.00041547899858754674
7.23625e-06;0.00043114556141857604
7.23650e-06;0.0004458871393253464
7.23675e-06;0.00045987513873483097
7.23700e-06;0.0004738631381442682
7.23725e-06;0.0004878511375537054
7.23750e-06;0.0005000068087863736
7.23775e-06;0.0005106696955661289
7.23800e-06;0.0005213325823459204
7.23825e-06;0.000530034597313511
7.23850e-06;0.0005371391042624738
7.23875e-06;0.0005424945036115112
7.23900e-06;0.0005464249177070322
7.23925e-06;0.0005486067694906388
7.23950e-06;0.000549364080262956
7.23975e-06;0.0005483386038802
7.24000e-06;0.0005458607037551137
7.24025e-06;0.0005415030835077515
7.24050e-06;0.0005356140689339838
7.24075e-06;0.0005279285227390724
7.24100e-06;0.0005187793552851712
7.24125e-06;0.0005079875717770037
7.24150e-06;0.0004958575609039244
7.24175e-06;0.0004822170059461826
7.24200e-06;0.00046734582169770535
7.24225e-06;0.0004510569126146458
7.24250e-06;0.00043361299340953903
7.24275e-06;0.0004147060049276059
7.24300e-06;0.0003946070645358234
7.24325e-06;0.000374508124144109
7.24350e-06;0.00035333869968970426
7.24375e-06;0.0003312971596470522
7.24400e-06;0.00032040929788061575
7.24425e-06;0.00029770798739649906
7.24450e-06;0.0002705075009490295
7.24475e-06;0.00024506172048684204
7.24500e-06;0.0002176897902988767
7.24525e-06;0.0001934297540007207
7.24550e-06;0.00016933123318160233
7.24575e-06;0.00014581033685715097
7.24600e-06;0.0001226893815794247
7.24625e-06;0.00010009571331765514
7.24650e-06;7.80366884109278e-05
7.24675e-06;5.629449124438925e-05
7.24700e-06;3.5309734155317916e-05
7.24725e-06;1.601570367201716e-05
7.24750e-06;-1.604593653480003e-06
7.24775e-06;-1.779696189133856e-05
7.24800e-06;-3.238915613784331e-05
7.24825e-06;-4.526704272550934e-05
7.24850e-06;-5.6452102231004967e-05
7.24875e-06;-6.614638637101517e-05
7.24900e-06;-7.414736828214237e-05
7.24925e-06;-7.994394292127046e-05
7.24950e-06;-8.362028285023079e-05
7.24975e-06;-8.540387187472015e-05
7.25000e-06;-8.526033094020672e-05
7.25025e-06;-8.319167455190359e-05
7.25050e-06;-7.928488184379553e-05
7.25075e-06;-7.374001800443594e-05
7.25100e-06;-6.650371949675532e-05
7.25125e-06;-5.732935663116489e-05
7.25150e-06;-4.634317906913214e-05
7.25175e-06;-3.376119744507374e-05
7.25200e-06;-1.963538038377726e-05
7.25225e-06;-4.040501395678966e-06
7.25250e-06;1.2895465025852706e-05
7.25275e-06;3.097370706298103e-05
7.25300e-06;5.0154171114327244e-05
7.25325e-06;7.051786537281556e-05
7.25350e-06;9.191222417472176e-05
7.25375e-06;0.00011420688647345409
7.25400e-06;0.000137296424918219
7.25425e-06;0.00016066146151276733
7.25450e-06;0.0001848550766332975
7.25475e-06;0.00020904869175374566
7.25500e-06;0.00023324230687427581
7.25525e-06;0.00025747990241443774
7.25550e-06;0.0002817321950147533
7.25575e-06;0.00030598448761515103
7.25600e-06;0.0003298479625050327
7.25625e-06;0.0003525420429521899
7.25650e-06;0.000375236123399424
7.25675e-06;0.0003973400707335775
7.25700e-06;0.0004176691545152669
7.25725e-06;0.00043736791361910987
7.25750e-06;0.00045517093043630707
7.25775e-06;0.0004727298687673209
7.25800e-06;0.0004895547252454779
7.25825e-06;0.000506379581723578
7.25850e-06;0.0005241911201806645
7.25875e-06;0.000544970168583839
7.25900e-06;0.0005657492169869431
7.25925e-06;0.0005871667552278748
7.25950e-06;0.0006105045930021813
7.25975e-06;0.0006343579614895206
7.26000e-06;0.0006597618219803758
7.26025e-06;0.0006861837808284976
7.26050e-06;0.0007156677364148267
7.26075e-06;0.0007462815269274922
7.26100e-06;0.0007802933691447886
7.26125e-06;0.0008143052113620849
7.26150e-06;0.0008492831907286177
7.26175e-06;0.0008871668901345561
7.26200e-06;0.0009250505895404945
7.26225e-06;0.0009644315536438282
7.26250e-06;0.0010083156382814154
7.26275e-06;0.0010521997229190028
7.26300e-06;0.0010960838075567388
7.26325e-06;0.001139967892194326
7.26350e-06;0.001183851976832062
7.26375e-06;0.001228535465232301
7.26400e-06;0.001275623212215074
7.26425e-06;0.001322710959198007
7.26450e-06;0.00136979870618078
7.26475e-06;0.0014168864531635531
7.26500e-06;0.0014639742001464858
7.26525e-06;0.0015102266994527376
7.26550e-06;0.0015539671372844673
7.26575e-06;0.001597707575116345
7.26600e-06;0.0016414480129480747
7.26625e-06;0.0016851884507798043
7.26650e-06;0.0017289288886116823
7.26675e-06;0.0017698390540169802
7.26700e-06;0.0018022369918226824
7.26725e-06;0.0018346349296284945
7.26750e-06;0.0018670328674341968
7.26775e-06;0.001899430805240009
7.26800e-06;0.0019318287430457111
7.26825e-06;0.001960824024185707
7.26850e-06;0.0019795855950616144
7.26875e-06;0.0019983471659374575
7.26900e-06;0.0020145647509152605
7.26925e-06;0.0020231311335668174
7.26950e-06;0.002031697516218345
7.26975e-06;0.0020376336377580712
7.27000e-06;0.002035659078679451
7.27025e-06;0.0020336845196008368
7.27050e-06;0.002029205597314862
7.27075e-06;0.002017194640510864
7.27100e-06;0.0020051836837069064
7.27125e-06;0.0019908838677535497
7.27150e-06;0.0019697001596917034
7.27175e-06;0.0019485164516299287
7.27200e-06;0.0019243930015034058
7.27225e-06;0.001891428086752803
7.27250e-06;0.0018584631720022001
7.27275e-06;0.0018254982572514854
7.27300e-06;0.0017925333425008825
7.27325e-06;0.0017595684277502796
7.27350e-06;0.0017266035129995649
7.27375e-06;0.001686672639027401
7.27400e-06;0.0016444139309343834
7.27425e-06;0.0016021552228412223
7.27450e-06;0.0015598965147482046
7.27475e-06;0.0015176378066551867
7.27500e-06;0.001475379098562026
7.27525e-06;0.0014330800571976268
7.27550e-06;0.0013906597109077537
7.27575e-06;0.0013482393646177368
7.27600e-06;0.0013058190183278637
7.27625e-06;0.0012633986720378468
7.27650e-06;0.00122278553294063
7.27675e-06;0.0011876076865014473
7.27700e-06;0.0011524298400621452
7.27725e-06;0.0011172519936229626
7.27750e-06;0.0010820741471837798
7.27775e-06;0.0010492245521303873
7.27800e-06;0.0010233773238864402
7.27825e-06;0.000999392449254648
7.27850e-06;0.0009810087237082852
7.27875e-06;0.0009645659580800181
7.27900e-06;0.000953960755092228
7.27925e-06;0.0009453102376246479
7.27950e-06;0.0009425385634349313
7.27975e-06;0.0009417743929160963
7.28000e-06;0.000947047919683383
7.28025e-06;0.0009543887981044276
7.28050e-06;0.0009679473704955217
7.28075e-06;0.0009834561621394906
7.28100e-06;0.0010048303644728813
7.28125e-06;0.0010279969852074829
7.28150e-06;0.0010565544203512218
7.28175e-06;0.0010867710411459827
7.28200e-06;0.00112197777022663
7.28225e-06;0.0011590484651330549
7.28250e-06;0.001201725157961591
7.28275e-06;0.0012444018507902716
7.28300e-06;0.001288815589987467
7.28325e-06;0.0013384536086203957
7.28350e-06;0.0013880916272534924
7.28375e-06;0.0014391442935505294
7.28400e-06;0.0014944516043024398
7.28425e-06;0.0015497589150545374
7.28450e-06;0.0016050662258064478
7.28475e-06;0.0016603735365585456
7.28500e-06;0.001715680847310456
7.28525e-06;0.0017706935482049194
7.28550e-06;0.0018256077984976499
7.28575e-06;0.001880522048790194
7.28600e-06;0.0019354362990827384
7.28625e-06;0.001990350549375469
7.28650e-06;0.0020435549483451914
7.28675e-06;0.0020916168587410125
7.28700e-06;0.002139678769136996
7.28725e-06;0.0021854678166400685
7.28750e-06;0.002224421081815292
7.28775e-06;0.0022633743469906474
7.28800e-06;0.0022987829112510365
7.28825e-06;0.002323530557975221
7.28850e-06;0.002348278204699489
7.28875e-06;0.002368838763277465
7.28900e-06;0.002376806383123756
7.28925e-06;0.002384774002970021
7.28950e-06;0.0023885099736673577
7.28975e-06;0.0023795189855319895
7.29000e-06;0.0023705279973966517
7.29025e-06;0.0023577872618899287
7.29050e-06;0.0023337689183518017
7.29075e-06;0.0023062391445647767
7.29100e-06;0.002268148516924291
7.29125e-06;0.0022300578892836763
7.29150e-06;0.002188228940169822
7.29175e-06;0.002135156747153214
7.29200e-06;0.0020820845541364252
7.29225e-06;0.00202568233152783
7.29250e-06;0.0019592648292884834
7.29275e-06;0.0018928473270489118
7.29300e-06;0.0018239029971234583
7.29325e-06;0.0017473590693096292
7.29350e-06;0.0016708151414960596
7.29375e-06;0.0015924277006979701
7.29400e-06;0.0015084957752239511
7.29425e-06;0.0014245638497502164
7.29450e-06;0.0013406319242764816
7.29475e-06;0.0012561356949968518
7.29500e-06;0.001169942285481307
7.29525e-06;0.0010837488759657622
7.29550e-06;0.0009975554664499254
7.29575e-06;0.0009121624774087944
7.29600e-06;0.0008291768047746994
7.29625e-06;0.0007473492243785036
7.29650e-06;0.0006690046813796831
7.29675e-06;0.0005918663646356147
7.29700e-06;0.0005193483214318451
7.29725e-06;0.00045094889436430213
7.29750e-06;0.00038723038367617147
7.29775e-06;0.00032854376010698196
7.29800e-06;0.0002743228620169233
7.29825e-06;0.00022311902988924993
7.29850e-06;0.00017396814424180642
7.29875e-06;0.00012688855629891508
7.29900e-06;8.222349299340939e-05
7.29925e-06;4.031614856482727e-05
7.29950e-06;1.507325051413809e-06
7.29975e-06;-3.399456062315671e-05
