Time(s);Current(A)
2.50000e-06;-0.004422746585782423
2.50025e-06;-0.004475577488641992
2.50050e-06;-0.004526319735447353
2.50075e-06;-0.004577055861005968
2.50100e-06;-0.004624356626745882
2.50125e-06;-0.004671647324439626
2.50150e-06;-0.004712557603883891
2.50175e-06;-0.004753449184167533
2.50200e-06;-0.0047943407644511745
2.50225e-06;-0.004825589905540994
2.50250e-06;-0.004856810787430257
2.50275e-06;-0.004888031669319521
2.50300e-06;-0.004909870275093573
2.50325e-06;-0.00493168138412978
2.50350e-06;-0.0049534924931659875
2.50375e-06;-0.0049601937144201445
2.50400e-06;-0.004966850652963071
2.50425e-06;-0.004973507591505996
2.50450e-06;-0.004980164530048923
2.50475e-06;-0.004986821468591838
2.50500e-06;-0.004993478407134763
2.50525e-06;-0.004981936698442497
2.50550e-06;-0.004970341654778333
2.50575e-06;-0.004958746611114149
2.50600e-06;-0.004947151567449965
2.50625e-06;-0.004935556523785781
2.50650e-06;-0.004923961480121617
2.50675e-06;-0.00489927156666122
2.50700e-06;-0.004874543275924545
2.50725e-06;-0.004849814985187911
2.50750e-06;-0.004825086694451236
2.50775e-06;-0.00480035840371456
2.50800e-06;-0.004768073342838076
2.50825e-06;-0.004735766135253694
2.50850e-06;-0.0047034589276693135
2.50875e-06;-0.004671151720084932
2.50900e-06;-0.004638844512500606
2.50925e-06;-0.00460405199689658
2.50950e-06;-0.004569252197573498
2.50975e-06;-0.00453424926675694
2.51000e-06;-0.004499245740620661
2.51025e-06;-0.0044648643772302946
2.51050e-06;-0.004430484837219008
2.51075e-06;-0.004397223100797914
2.51100e-06;-0.004365054818042835
2.51125e-06;-0.004334207415263113
2.51150e-06;-0.004304909995090691
2.51175e-06;-0.004277391198578268
2.51200e-06;-0.004251879665417961
2.51225e-06;-0.004228635143439176
2.51250e-06;-0.004207960651591913
2.51275e-06;-0.0041915297184672035
2.51300e-06;-0.004175111199968664
2.51325e-06;-0.0041644973670293605
2.51350e-06;-0.004153900545944742
2.51375e-06;-0.004149193377421196
2.51400e-06;-0.004144503469766079
2.51425e-06;-0.004147385452972199
2.51450e-06;-0.004150289627200711
2.51475e-06;-0.004153193801429224
2.51500e-06;-0.00416851930996175
2.51525e-06;-0.004183881221832968
2.51550e-06;-0.0041992431337041876
2.51575e-06;-0.00421460504557538
2.51600e-06;-0.004229966957446599
2.51625e-06;-0.004251994697786787
2.51650e-06;-0.004280766638744159
2.51675e-06;-0.004309538579701579
2.51700e-06;-0.004338310520659
2.51725e-06;-0.004367082461616421
2.51750e-06;-0.004395854402573792
2.51775e-06;-0.004432019429434124
2.51800e-06;-0.004468206123291238
2.51825e-06;-0.00450439281714829
2.51850e-06;-0.00454366432390376
2.51875e-06;-0.004582944871353746
2.51900e-06;-0.004622225418803733
2.51925e-06;-0.004662657276867281
2.51950e-06;-0.004703092509089361
2.51975e-06;-0.004743527741311441
2.52000e-06;-0.004782966120238337
2.52025e-06;-0.004822401577676568
2.52050e-06;-0.004861837035114798
2.52075e-06;-0.004898119427472794
2.52100e-06;-0.004934392579108918
2.52125e-06;-0.004970665730745042
2.52150e-06;-0.004995336451334326
2.52175e-06;-0.005019973168553388
2.52200e-06;-0.005044609885772492
2.52225e-06;-0.005069246602991596
2.52250e-06;-0.005093883320210659
2.52275e-06;-0.005118520037429762
2.52300e-06;-0.005143156754648866
2.52325e-06;-0.00516779347186797
2.52350e-06;-0.005192430189087032
2.52375e-06;-0.005210192688464967
2.52400e-06;-0.005221000147756625
2.52425e-06;-0.005231807607048265
2.52450e-06;-0.005242615066339922
2.52475e-06;-0.005253422525631581
2.52500e-06;-0.00526422998492322
2.52525e-06;-0.005275037444214878
2.52550e-06;-0.005285844903506536
2.52575e-06;-0.005296652362798194
2.52600e-06;-0.005307459822089833
2.52625e-06;-0.0053087075750674765
2.52650e-06;-0.0053099273113103125
2.52675e-06;-0.005311147047553148
2.52700e-06;-0.005312366783795984
2.52725e-06;-0.0053135865200388205
2.52750e-06;-0.005314806256281657
2.52775e-06;-0.005316025992524492
2.52800e-06;-0.005317245728767328
2.52825e-06;-0.005318465465010165
2.52850e-06;-0.005319685201252999
2.52875e-06;-0.005320904937495836
2.52900e-06;-0.005317854248264421
2.52925e-06;-0.005314791043650827
2.52950e-06;-0.005311727839037227
2.52975e-06;-0.005308664634423628
2.53000e-06;-0.005305601429810029
2.53025e-06;-0.005302538225196434
2.53050e-06;-0.005299475020582835
2.53075e-06;-0.005296411815969236
2.53100e-06;-0.005293348611355641
2.53125e-06;-0.0052902854067420416
2.53150e-06;-0.005287222202128443
2.53175e-06;-0.005284341861585587
2.53200e-06;-0.00528146205696445
2.53225e-06;-0.005278582252343309
2.53250e-06;-0.005280395071541355
2.53275e-06;-0.0052822216434628595
2.53300e-06;-0.005284048215384368
2.53325e-06;-0.005285874787305876
2.53350e-06;-0.005287701359227381
2.53375e-06;-0.005289527931148889
2.53400e-06;-0.005291354503070398
2.53425e-06;-0.005297708688215152
2.53450e-06;-0.005308643719092727
2.53475e-06;-0.005319578749970321
2.53500e-06;-0.005330513780847915
2.53525e-06;-0.00534144881172549
2.53550e-06;-0.005352383842603084
2.53575e-06;-0.005363318873480678
2.53600e-06;-0.005374253904358272
2.53625e-06;-0.005393690180105358
2.53650e-06;-0.005413151370542926
2.53675e-06;-0.005432612560980494
2.53700e-06;-0.005452073751418028
2.53725e-06;-0.005471534941855595
2.53750e-06;-0.005490996132293162
2.53775e-06;-0.005510457322730697
2.53800e-06;-0.005529918513168265
2.53825e-06;-0.0055512070360259095
2.53850e-06;-0.005574344375800212
2.53875e-06;-0.005597481715574475
2.53900e-06;-0.005620619055348778
2.53925e-06;-0.00564375639512308
2.53950e-06;-0.005666893734897343
2.53975e-06;-0.0056900310746716455
2.54000e-06;-0.005713168414445947
2.54025e-06;-0.00573630575422025
2.54050e-06;-0.005756775865038227
2.54075e-06;-0.005777238158979415
2.54100e-06;-0.005797700452920603
2.54125e-06;-0.0058181627468617565
2.54150e-06;-0.005838625040802944
2.54175e-06;-0.005853219292829868
2.54200e-06;-0.0058659780072712366
2.54225e-06;-0.005878736721712628
2.54250e-06;-0.005891495436154019
2.54275e-06;-0.00590425415059541
2.54300e-06;-0.005915899106679423
2.54325e-06;-0.005921423713671244
2.54350e-06;-0.0059247376538831276
2.54375e-06;-0.005925148478280125
2.54400e-06;-0.005925559302677122
2.54425e-06;-0.005925817570565656
2.54450e-06;-0.005923205645250317
2.54475e-06;-0.005916841607657108
2.54500e-06;-0.005910477570063898
2.54525e-06;-0.005903750967820796
2.54550e-06;-0.0058907155561847835
2.54575e-06;-0.0058776801445487485
2.54600e-06;-0.005864310734780524
2.54625e-06;-0.005845129587562806
2.54650e-06;-0.005825948440345056
2.54675e-06;-0.0058067672931273046
2.54700e-06;-0.005787586145909554
2.54725e-06;-0.005768026320968055
2.54750e-06;-0.005741877310948411
2.54775e-06;-0.005715728300928769
2.54800e-06;-0.00568957929090917
2.54825e-06;-0.0056634302808895275
2.54850e-06;-0.005637281270869884
2.54875e-06;-0.005611132260850285
2.54900e-06;-0.005584886639631371
2.54925e-06;-0.005556959934385911
2.54950e-06;-0.00552903322914045
2.54975e-06;-0.005501106523895036
2.55000e-06;-0.005473179818649575
2.55025e-06;-0.005445253113404115
2.55050e-06;-0.005417326408158701
2.55075e-06;-0.005389655231093611
2.55100e-06;-0.005366430374389138
2.55125e-06;-0.005343205517684664
2.55150e-06;-0.005319980660980231
2.55175e-06;-0.005296755804275757
2.55200e-06;-0.0052737798771376855
2.55225e-06;-0.005255135451119717
2.55250e-06;-0.005236491025101718
2.55275e-06;-0.005217846599083718
2.55300e-06;-0.00519920217306575
2.55325e-06;-0.005180578341271649
2.55350e-06;-0.005162312859452526
2.55375e-06;-0.005144047377633403
2.55400e-06;-0.005125781895814311
2.55425e-06;-0.005107516413995188
2.55450e-06;-0.0050892509321760655
2.55475e-06;-0.005070985450356973
2.55500e-06;-0.00505271996853785
2.55525e-06;-0.005034454486718728
2.55550e-06;-0.005015223479084191
2.55575e-06;-0.004995216259699525
2.55600e-06;-0.004975209040314825
2.55625e-06;-0.0049552018209301244
2.55650e-06;-0.004935194601545458
2.55675e-06;-0.004915187382160758
2.55700e-06;-0.004895180162776057
2.55725e-06;-0.004875172943391391
2.55750e-06;-0.004855116479603221
2.55775e-06;-0.004834203138137101
2.55800e-06;-0.004813289796670981
2.55825e-06;-0.004792376455204896
2.55850e-06;-0.0047714631137387754
2.55875e-06;-0.004750549772272655
2.55900e-06;-0.00472963643080657
2.55925e-06;-0.00470872308934045
2.55950e-06;-0.0046878097478743296
2.55975e-06;-0.00466856282142229
2.56000e-06;-0.004650655570092339
2.56025e-06;-0.0046327483187623576
2.56050e-06;-0.004614841067432376
2.56075e-06;-0.004596933816102425
2.56100e-06;-0.004579026564772444
2.56125e-06;-0.004561119313442463
2.56150e-06;-0.004543212062112512
2.56175e-06;-0.004525739937189713
2.56200e-06;-0.0045158392331634874
2.56225e-06;-0.004505938529137262
2.56250e-06;-0.004496037825111054
2.56275e-06;-0.004486137121084827
2.56300e-06;-0.004476236417058602
2.56325e-06;-0.004466335713032394
2.56350e-06;-0.004456435009006168
2.56375e-06;-0.004446534304979943
2.56400e-06;-0.004436633600953716
2.56425e-06;-0.004427184634091241
2.56450e-06;-0.004425596123741848
2.56475e-06;-0.004424007613392455
2.56500e-06;-0.004422419103043064
2.56525e-06;-0.004420830592693671
2.56550e-06;-0.0044192420823442775
2.56575e-06;-0.004417653571994887
2.56600e-06;-0.004416065061645494
2.56625e-06;-0.004414476551296101
2.56650e-06;-0.004412888040946708
2.56675e-06;-0.004411592277332673
2.56700e-06;-0.004415390455876843
2.56725e-06;-0.004419188634421014
2.56750e-06;-0.004422986812965177
2.56775e-06;-0.004426784991509348
2.56800e-06;-0.004430583170053518
2.56825e-06;-0.004434381348597688
2.56850e-06;-0.004438179527141852
2.56875e-06;-0.004441977705686022
2.56900e-06;-0.004445775884230193
2.56925e-06;-0.004450312146167906
2.56950e-06;-0.0044554417728749325
2.56975e-06;-0.0044605713995819595
2.57000e-06;-0.004465701026288979
2.57025e-06;-0.004470830652996006
2.57050e-06;-0.004475960279703033
2.57075e-06;-0.0044810899064100605
2.57100e-06;-0.004486219533117079
2.57125e-06;-0.004491349159824107
2.57150e-06;-0.004496401900821669
2.57175e-06;-0.004500116791351374
2.57200e-06;-0.004503831681881087
2.57225e-06;-0.004507298008952178
2.57250e-06;-0.004506439205362039
2.57275e-06;-0.004505580401771902
2.57300e-06;-0.0045047215981817625
2.57325e-06;-0.004503862794591623
2.57350e-06;-0.004503003991001485
2.57375e-06;-0.004502145187411346
2.57400e-06;-0.004501286383821207
2.57425e-06;-0.004495908967195933
2.57450e-06;-0.004486898917991897
2.57475e-06;-0.004477888868787863
2.57500e-06;-0.004468878819583829
2.57525e-06;-0.004459868770379809
2.57550e-06;-0.004450858721175774
2.57575e-06;-0.0044418486719717395
2.57600e-06;-0.004432470488246791
2.57625e-06;-0.004416686576532602
2.57650e-06;-0.004400902664818413
2.57675e-06;-0.004385118753104223
2.57700e-06;-0.004369334841390062
2.57725e-06;-0.004353550929675872
2.57750e-06;-0.0043377670179616835
2.57775e-06;-0.00431994584441767
2.57800e-06;-0.004300486862183855
2.57825e-06;-0.00428102787995004
2.57850e-06;-0.0042615688977162575
2.57875e-06;-0.0042421099154824424
2.57900e-06;-0.0042226509332486265
2.57925e-06;-0.004203160988250704
2.57950e-06;-0.0041831322754019165
2.57975e-06;-0.004163103562553094
2.58000e-06;-0.004143125936058797
2.58025e-06;-0.004124037238128652
2.58050e-06;-0.004104948540198475
2.58075e-06;-0.004085971744908144
2.58100e-06;-0.0040689421124930495
2.58125e-06;-0.004051912480077984
2.58150e-06;-0.00403488284766289
2.58175e-06;-0.004019656048402966
2.58200e-06;-0.00400587859441846
2.58225e-06;-0.00399210114043393
2.58250e-06;-0.003978382744261221
2.58275e-06;-0.003965691984065989
2.58300e-06;-0.003953001223870735
2.58325e-06;-0.003940310463675481
2.58350e-06;-0.003927619703480227
2.58375e-06;-0.003914928943284995
2.58400e-06;-0.003902238183089741
2.58425e-06;-0.003889547422894487
2.58450e-06;-0.003876599075770405
2.58475e-06;-0.003863443647698587
2.58500e-06;-0.0038502882196267685
2.58525e-06;-0.00383713279155495
2.58550e-06;-0.0038239773634831543
2.58575e-06;-0.003810821935411336
2.58600e-06;-0.003797666507339518
2.58625e-06;-0.003784449599457531
2.58650e-06;-0.003770162911593806
2.58675e-06;-0.0037558762237300818
2.58700e-06;-0.0037415895358663812
2.58725e-06;-0.003727302848002657
2.58750e-06;-0.003713016160138932
2.58775e-06;-0.0036987294722752076
2.58800e-06;-0.0036844344692613345
2.58825e-06;-0.003669994778403209
2.58850e-06;-0.003655555087545083
2.58875e-06;-0.003641115396686982
2.58900e-06;-0.0036266757058288565
2.58925e-06;-0.003612236014970731
2.58950e-06;-0.003597796324112605
2.58975e-06;-0.0035834147127708138
2.59000e-06;-0.0035700437145670593
2.59025e-06;-0.003556672716363305
2.59050e-06;-0.003543365074180958
2.59075e-06;-0.0035311598590099785
2.59100e-06;-0.003518954643838999
2.59125e-06;-0.0035068224835890414
2.59150e-06;-0.0034959615161391975
2.59175e-06;-0.0034851812083574792
2.59200e-06;-0.003475804419845607
2.59225e-06;-0.0034665422719476332
2.59250e-06;-0.003459274929067265
2.59275e-06;-0.0034521489383168833
2.59300e-06;-0.0034474825465567764
2.59325e-06;-0.0034429933669155826
2.59350e-06;-0.003441587768319844
2.59375e-06;-0.0034401821697241045
2.59400e-06;-0.0034389941942745738
2.59425e-06;-0.0034415929723088253
2.59450e-06;-0.003444191750343077
2.59475e-06;-0.003447119162694872
2.59500e-06;-0.0034557649794009957
2.59525e-06;-0.003464410796107119
2.59550e-06;-0.0034730566128132277
2.59575e-06;-0.0034817024295193512
2.59600e-06;-0.0034903482462254744
2.59625e-06;-0.003499348647446972
2.59650e-06;-0.003514518999669965
2.59675e-06;-0.003529689351892984
2.59700e-06;-0.003544859704116003
2.59725e-06;-0.003560030056338996
2.59750e-06;-0.0035752004085620147
2.59775e-06;-0.0035905828739854935
2.59800e-06;-0.00360965621703322
2.59825e-06;-0.003628729560080914
2.59850e-06;-0.0036478029031286404
2.59875e-06;-0.003666876246176367
2.59900e-06;-0.003685949589224061
2.59925e-06;-0.003705022932271787
2.59950e-06;-0.003724047070317333
2.59975e-06;-0.0037430316511596513
2.60000e-06;-0.003762016232002002
2.60025e-06;-0.003781000812844353
2.60050e-06;-0.0037999853936867035
2.60075e-06;-0.0038189699745290223
2.60100e-06;-0.0038375484601230058
2.60125e-06;-0.003849060681748224
2.60150e-06;-0.003860572903373422
2.60175e-06;-0.0038720851249986403
2.60200e-06;-0.0038835973466238584
2.60225e-06;-0.003895109568249076
2.60250e-06;-0.003906621789874275
2.60275e-06;-0.0039181340114994925
2.60300e-06;-0.003929646233124711
2.60325e-06;-0.00394115845474991
2.60350e-06;-0.003952670676375127
2.60375e-06;-0.003964182898000345
2.60400e-06;-0.003975695119625544
2.60425e-06;-0.003986766779844046
2.60450e-06;-0.003990172447398919
2.60475e-06;-0.003993578114953793
2.60500e-06;-0.003996983782508661
2.60525e-06;-0.004000389450063535
2.60550e-06;-0.004003795117618409
2.60575e-06;-0.004007200785173277
2.60600e-06;-0.00401060645272815
2.60625e-06;-0.004014012120283024
2.60650e-06;-0.004017417787837898
2.60675e-06;-0.004020823455392766
2.60700e-06;-0.004024229122947639
2.60725e-06;-0.004027634790502513
2.60750e-06;-0.004030848485886506
2.60775e-06;-0.004030721767808697
2.60800e-06;-0.004030595049730888
2.60825e-06;-0.00403046833165308
2.60850e-06;-0.004030341613575271
2.60875e-06;-0.0040302148954974625
2.60900e-06;-0.004030088177419654
2.60925e-06;-0.004029961459341845
2.60950e-06;-0.004029779746035796
2.60975e-06;-0.004028641087773007
2.61000e-06;-0.004027502429510219
2.61025e-06;-0.0040263637712474295
2.61050e-06;-0.004025225112984639
2.61075e-06;-0.00402408645472185
2.61100e-06;-0.004022947796459062
2.61125e-06;-0.0040218091381962725
2.61150e-06;-0.004020669625822949
2.61175e-06;-0.004019515251491714
2.61200e-06;-0.004018402646328937
2.61225e-06;-0.004018016845952403
2.61250e-06;-0.004017821328749242
2.61275e-06;-0.004020936835591977
2.61300e-06;-0.004024327096085399
2.61325e-06;-0.004032498209914221
2.61350e-06;-0.00404066932374303
2.61375e-06;-0.004049135196389258
2.61400e-06;-0.004062730022451778
2.61425e-06;-0.004076324848514275
2.61450e-06;-0.004090476470288038
2.61475e-06;-0.004114316620773473
2.61500e-06;-0.00413815677125891
2.61525e-06;-0.004161996921744305
2.61550e-06;-0.004185837072229742
2.61575e-06;-0.004209677222715177
2.61600e-06;-0.004234140308700792
2.61625e-06;-0.004269442789383523
2.61650e-06;-0.004304745270066254
2.61675e-06;-0.0043400477507489245
2.61700e-06;-0.004375350231431655
2.61725e-06;-0.004410652712114386
2.61750e-06;-0.004446285039740546
2.61775e-06;-0.0044876568720317615
2.61800e-06;-0.004529028704323047
2.61825e-06;-0.004570510773813841
2.61850e-06;-0.004613911026672565
2.61875e-06;-0.004657311279531363
2.61900e-06;-0.004700741782665446
2.61925e-06;-0.0047446986559829315
2.61950e-06;-0.004788655529300491
2.61975e-06;-0.004832515999900273
2.62000e-06;-0.004874699014154048
2.62025e-06;-0.004916882028407752
2.62050e-06;-0.004958871579244531
2.62075e-06;-0.004997494768177268
2.62100e-06;-0.00503611795710994
2.62125e-06;-0.005074489704337337
2.62150e-06;-0.0051084862379398134
2.62175e-06;-0.0051422058878876345
2.62200e-06;-0.005171107621345627
2.62225e-06;-0.005199520305874733
2.62250e-06;-0.005219423290175982
2.62275e-06;-0.005239326274477198
2.62300e-06;-0.00525854954707153
2.62325e-06;-0.005265945490077418
2.62350e-06;-0.005273341433083294
2.62375e-06;-0.005280049245593975
2.62400e-06;-0.005274783237316238
2.62425e-06;-0.0052695172290385004
2.62450e-06;-0.0052632999331162006
2.62475e-06;-0.005240529748092654
2.62500e-06;-0.005217759563069108
2.62525e-06;-0.0051949893780456
2.62550e-06;-0.005172219193022054
2.62575e-06;-0.005148415400126314
2.62600e-06;-0.005106626304277501
2.62625e-06;-0.0050648372084287595
2.62650e-06;-0.005023048112579947
2.62675e-06;-0.004981259016731134
2.62700e-06;-0.004938810068405296
2.62725e-06;-0.004884879351195322
2.62750e-06;-0.004830948633985347
2.62775e-06;-0.0047767316273604025
2.62800e-06;-0.004717533039227544
2.62825e-06;-0.004658172372549213
2.62850e-06;-0.0045959914567017925
2.62875e-06;-0.00453372620534776
2.62900e-06;-0.004469963307341705
2.62925e-06;-0.004405665611971164
2.62950e-06;-0.004341206038006447
2.62975e-06;-0.004276956183154604
2.63000e-06;-0.00421328696183459
2.63025e-06;-0.004150555678024364
2.63050e-06;-0.004089090147134622
2.63075e-06;-0.0040292289453349285
2.63100e-06;-0.0039713614868964395
2.63125e-06;-0.003915903695923237
2.63150e-06;-0.003863272974491759
2.63175e-06;-0.003813885649099934
2.63200e-06;-0.003768152134548304
2.63225e-06;-0.0037263529442135078
2.63250e-06;-0.003688420795397201
2.63275e-06;-0.0036541135995898223
2.63300e-06;-0.0036233980744053
2.63325e-06;-0.0035964033345550137
2.63350e-06;-0.003573372331932074
2.63375e-06;-0.003556044027693486
2.63400e-06;-0.003539162518164791
2.63425e-06;-0.0035300554639535837
2.63450e-06;-0.0035214513711827483
2.63475e-06;-0.003521599063421039
2.63500e-06;-0.0035217467556593303
2.63525e-06;-0.0035226363531918174
2.63550e-06;-0.0035364354803831036
2.63575e-06;-0.0035502346075744133
2.63600e-06;-0.0035640337347657234
2.63625e-06;-0.0035778328619570096
2.63650e-06;-0.003592384932503059
2.63675e-06;-0.0036200386005788587
2.63700e-06;-0.0036476922686546585
2.63725e-06;-0.003675345936730412
2.63750e-06;-0.003702999604806212
2.63775e-06;-0.003731078393008197
2.63800e-06;-0.0037665544877408187
2.63825e-06;-0.0038020305824735005
2.63850e-06;-0.0038376865803003177
2.63875e-06;-0.003876472983514256
2.63900e-06;-0.003915259386728128
2.63925e-06;-0.0039541038778939655
2.63950e-06;-0.003993959128982704
2.63975e-06;-0.0040338023086425095
2.64000e-06;-0.004073435439297202
2.64025e-06;-0.0041129965842508324
2.64050e-06;-0.004151305141373713
2.64075e-06;-0.004189474623994927
2.64100e-06;-0.004225224139513473
2.64125e-06;-0.004260774590337156
2.64150e-06;-0.004292861214169685
2.64175e-06;-0.004324614878300668
2.64200e-06;-0.004350574874186358
2.64225e-06;-0.0043765348700720045
2.64250e-06;-0.0044020237512412755
2.64275e-06;-0.004419314996602445
2.64300e-06;-0.004436606241963614
2.64325e-06;-0.004453396468195128
2.64350e-06;-0.004461468706610612
2.64375e-06;-0.004469540945026097
2.64400e-06;-0.004476883281861103
2.64425e-06;-0.004471524959760894
2.64450e-06;-0.004466166637660686
2.64475e-06;-0.004460808315560487
2.64500e-06;-0.004455449993460279
2.64525e-06;-0.004450091671360071
2.64550e-06;-0.00443606621431825
2.64575e-06;-0.0044150730181668025
2.64600e-06;-0.004394079822015319
2.64625e-06;-0.0043730866258638364
2.64650e-06;-0.0043520934297123885
2.64675e-06;-0.004330497766933505
2.64700e-06;-0.0042984188782523
2.64725e-06;-0.004266339989571094
2.64750e-06;-0.004234261100889943
2.64775e-06;-0.004202182212208736
2.64800e-06;-0.004166674165987619
2.64825e-06;-0.004128409329285609
2.64850e-06;-0.004090144492583534
2.64875e-06;-0.00405187965588146
2.64900e-06;-0.0040135044582570185
2.64925e-06;-0.0039732089244211306
2.64950e-06;-0.003932908961863962
2.64975e-06;-0.0038925455271503827
2.65000e-06;-0.003852444666849145
2.65025e-06;-0.003812837232527199
2.65050e-06;-0.003773964988417135
2.65075e-06;-0.0037360837166862952
2.65100e-06;-0.0036994555972927968
2.65125e-06;-0.0036643980540706396
2.65150e-06;-0.003631965793147552
2.65175e-06;-0.003599778510105515
2.65200e-06;-0.0035718539668588884
2.65225e-06;-0.0035441598563072233
2.65250e-06;-0.0035204753919122174
2.65275e-06;-0.0034970253418434485
2.65300e-06;-0.003477654220342519
2.65325e-06;-0.0034582830988416228
2.65350e-06;-0.0034392348775181395
2.65375e-06;-0.003425805283602399
2.65400e-06;-0.0034123756896866585
2.65425e-06;-0.003399382084400717
2.65450e-06;-0.0033939749031427113
2.65475e-06;-0.0033885677218847055
2.65500e-06;-0.0033831605406267084
2.65525e-06;-0.0033777533593687026
2.65550e-06;-0.003372346178110697
2.65575e-06;-0.0033674161852438756
2.65600e-06;-0.0033707895132193437
2.65625e-06;-0.0033741628411948174
2.65650e-06;-0.003377536169170291
2.65675e-06;-0.003380909497145759
2.65700e-06;-0.003384282825121233
2.65725e-06;-0.003388000576859574
2.65750e-06;-0.003397711477345073
2.65775e-06;-0.0034074223778305887
2.65800e-06;-0.0034171332783161043
2.65825e-06;-0.00342684417880162
2.65850e-06;-0.003436555079287119
2.65875e-06;-0.0034462659797726346
2.65900e-06;-0.00345611365182476
2.65925e-06;-0.0034683412187375097
2.65950e-06;-0.00348056878565028
2.65975e-06;-0.00349279635256305
2.66000e-06;-0.0035050239194758205
2.66025e-06;-0.00351725148638857
2.66050e-06;-0.00352947905330134
2.66075e-06;-0.003541642091636153
2.66100e-06;-0.003552682299876484
2.66125e-06;-0.0035637225081168343
2.66150e-06;-0.003574518502325217
2.66175e-06;-0.003581065048098953
2.66200e-06;-0.0035876115938727
2.66225e-06;-0.0035941581396464464
2.66250e-06;-0.0036007046854201934
2.66275e-06;-0.003607251231193929
2.66300e-06;-0.0036137977769676757
2.66325e-06;-0.0036203443227414227
2.66350e-06;-0.0036268908685151585
2.66375e-06;-0.003633437414288905
2.66400e-06;-0.003639638596989155
2.66425e-06;-0.003639830286458075
2.66450e-06;-0.003640021975926995
2.66475e-06;-0.0036402136653959152
2.66500e-06;-0.0036404053548648356
2.66525e-06;-0.003640597044333755
2.66550e-06;-0.0036407887338026756
2.66575e-06;-0.003640980423271596
2.66600e-06;-0.003641172112740516
2.66625e-06;-0.003641363802209436
2.66650e-06;-0.003641320763656604
2.66675e-06;-0.003637193338073819
2.66700e-06;-0.003633065912491041
2.66725e-06;-0.0036289384869082563
2.66750e-06;-0.003624811061325471
2.66775e-06;-0.0036206836357426933
2.66800e-06;-0.003616556210159908
2.66825e-06;-0.0036124287845771233
2.66850e-06;-0.003608301358994338
2.66875e-06;-0.0036041739334115603
2.66900e-06;-0.0035993217796608246
2.66925e-06;-0.003593886997759678
2.66950e-06;-0.0035884522158585405
2.66975e-06;-0.003583017433957394
2.67000e-06;-0.003577582652056247
2.67025e-06;-0.0035721478701551093
2.67050e-06;-0.0035667130882539627
2.67075e-06;-0.003561278306352816
2.67100e-06;-0.003555843524451669
2.67125e-06;-0.003550447445911651
2.67150e-06;-0.0035457248255510976
2.67175e-06;-0.0035410368694246625
2.67200e-06;-0.0035369520886124025
2.67225e-06;-0.003532964999064787
2.67250e-06;-0.0035306777872368515
2.67275e-06;-0.0035285911606312693
2.67300e-06;-0.0035299948189716425
2.67325e-06;-0.003531398477312018
2.67350e-06;-0.0035330258830870323
2.67375e-06;-0.0035385466080889174
2.67400e-06;-0.003544067333090812
2.67425e-06;-0.0035499695354901293
2.67450e-06;-0.0035625096387368765
2.67475e-06;-0.0035750497419836445
2.67500e-06;-0.003587589845230413
2.67525e-06;-0.0036001299484771814
2.67550e-06;-0.003612670051723928
2.67575e-06;-0.0036256696031695674
2.67600e-06;-0.003646663787087408
2.67625e-06;-0.003667657971005213
2.67650e-06;-0.003688652154923053
2.67675e-06;-0.0037096463388408933
2.67700e-06;-0.0037306405227587338
2.67725e-06;-0.0037519577623109685
2.67750e-06;-0.003778896334304762
2.67775e-06;-0.003805834906298556
2.67800e-06;-0.003832773478292304
2.67825e-06;-0.0038597120502860977
2.67850e-06;-0.0038866506222798914
2.67875e-06;-0.00391358919427364
2.67900e-06;-0.003940564020322103
2.67925e-06;-0.003968169685371486
2.67950e-06;-0.0039957753504208686
2.67975e-06;-0.0040233810154702045
2.68000e-06;-0.004050986680519587
2.68025e-06;-0.00407859234556897
2.68050e-06;-0.004106198010618305
2.68075e-06;-0.004133566138942434
2.68100e-06;-0.0041568010073645845
2.68125e-06;-0.004180035875786735
2.68150e-06;-0.004203270744208847
2.68175e-06;-0.004226219276820202
2.68200e-06;-0.004244185420607109
2.68225e-06;-0.004262151564393986
2.68250e-06;-0.004280117708180893
2.68275e-06;-0.004297951451478883
2.68300e-06;-0.0043134813588908555
2.68325e-06;-0.004329011266302855
2.68350e-06;-0.0043445411737148545
2.68375e-06;-0.004360071081126854
2.68400e-06;-0.004375600988538827
2.68425e-06;-0.004391130895950826
2.68450e-06;-0.004406660803362825
2.68475e-06;-0.004422190710774798
2.68500e-06;-0.004437676482815904
2.68525e-06;-0.004452394276942839
2.68550e-06;-0.004467112071069773
2.68575e-06;-0.004481829865196682
2.68600e-06;-0.004496547659323617
2.68625e-06;-0.004511265453450552
2.68650e-06;-0.004525983247577461
2.68675e-06;-0.004540701041704395
2.68700e-06;-0.00455541883583133
2.68725e-06;-0.004570131920213716
2.68750e-06;-0.004584763052644604
2.68775e-06;-0.004599394185075493
2.68800e-06;-0.004614025317506381
2.68825e-06;-0.0046286564499372455
2.68850e-06;-0.004643287582368134
2.68875e-06;-0.0046579187147990225
2.68900e-06;-0.004672549847229887
2.68925e-06;-0.004687180979660775
2.68950e-06;-0.004700518812234447
2.68975e-06;-0.004712816926832246
2.69000e-06;-0.004725115041430024
2.69025e-06;-0.004737413156027822
2.69050e-06;-0.004749711270625621
2.69075e-06;-0.0047620093852233985
2.69100e-06;-0.004774307499821198
2.69125e-06;-0.004786605614418996
2.69150e-06;-0.004798717545574356
2.69175e-06;-0.00480758979008143
2.69200e-06;-0.0048164620345885045
2.69225e-06;-0.004825051785727826
2.69250e-06;-0.004828726008505112
2.69275e-06;-0.004832400231282403
2.69300e-06;-0.0048356571504163046
2.69325e-06;-0.00483165277378632
2.69350e-06;-0.00482764839715633
2.69375e-06;-0.004823245713988307
2.69400e-06;-0.004811912294357395
2.69425e-06;-0.004800578874726464
2.69450e-06;-0.004788601419327912
2.69475e-06;-0.0047654174138181925
2.69500e-06;-0.004742233408308512
2.69525e-06;-0.004719049402798792
2.69550e-06;-0.004695865397289073
2.69575e-06;-0.004672681391779392
2.69600e-06;-0.004642248412492408
2.69625e-06;-0.004605987791378192
2.69650e-06;-0.004569727170263976
2.69675e-06;-0.00453346654914982
2.69700e-06;-0.004497205928035604
2.69725e-06;-0.004460524648186163
2.69750e-06;-0.004416523692266813
2.69775e-06;-0.004372522736347388
2.69800e-06;-0.004328375286763847
2.69825e-06;-0.004281678772872706
2.69850e-06;-0.0042348995937355185
2.69875e-06;-0.004186681997249308
2.69900e-06;-0.0041384323621280455
2.69925e-06;-0.0040896252384521855
2.69950e-06;-0.004040832881398323
2.69975e-06;-0.003992327965992873
2.70000e-06;-0.0039443983570002766
2.70025e-06;-0.0038973015652088478
2.70050e-06;-0.0038512339022939153
2.70075e-06;-0.003806388293638035
2.70100e-06;-0.0037630315074127156
2.70125e-06;-0.0037214739574797616
2.70150e-06;-0.0036820268877958543
2.70175e-06;-0.0036450007248764894
2.70200e-06;-0.0036107093117113053
2.70225e-06;-0.0035795109214003824
2.70250e-06;-0.003551831497479874
2.70275e-06;-0.0035280098265795083
2.70300e-06;-0.003508172695265363
2.70325e-06;-0.0034924581045239927
2.70350e-06;-0.003482481660689398
2.70375e-06;-0.0034729503159963288
2.70400e-06;-0.003471163922882893
2.70425e-06;-0.003469952295543165
2.70450e-06;-0.0034787418851717523
2.70475e-06;-0.003487531474800339
2.70500e-06;-0.0034971802237026756
2.70525e-06;-0.0035217787812046653
2.70550e-06;-0.0035463773387066967
2.70575e-06;-0.003570975896208728
2.70600e-06;-0.0035955744537107177
2.70625e-06;-0.003621068708702306
2.70650e-06;-0.003662148555844406
2.70675e-06;-0.003703228402986437
2.70700e-06;-0.0037443082501285373
2.70725e-06;-0.0037853880972706375
2.70750e-06;-0.0038269374445431366
2.70775e-06;-0.003876656333019543
2.70800e-06;-0.003926558608517241
2.70825e-06;-0.003979651911512208
2.70850e-06;-0.0040328733690472565
2.70875e-06;-0.004088324780801149
2.70900e-06;-0.004143835954985259
2.70925e-06;-0.004200387025869129
2.70950e-06;-0.004256925126926317
2.70975e-06;-0.0043132375464004415
2.71000e-06;-0.004369465339337773
2.71025e-06;-0.004424220587467048
2.71050e-06;-0.0044788199319541
2.71075e-06;-0.0045307064737230085
2.71100e-06;-0.004582357622629408
2.71125e-06;-0.004629912815934423
2.71150e-06;-0.004677150394003205
2.71175e-06;-0.0047188613053218646
2.71200e-06;-0.004760076237818325
2.71225e-06;-0.004792660886397684
2.71250e-06;-0.004825245534977043
2.71275e-06;-0.004857189832638563
2.71300e-06;-0.004877991698444745
2.71325e-06;-0.004898793564250927
2.71350e-06;-0.0049189178947519506
2.71375e-06;-0.004927252766133467
2.71400e-06;-0.004935587637514997
2.71425e-06;-0.004942968277055614
2.71450e-06;-0.0049337447969393915
2.71475e-06;-0.004924521316823152
2.71500e-06;-0.004915297836706914
2.71525e-06;-0.004906074356590691
2.71550e-06;-0.0048968508764744515
2.71575e-06;-0.004876627025850876
2.71600e-06;-0.004847559686305916
2.71625e-06;-0.004818492346761005
2.71650e-06;-0.004789425007216045
2.71675e-06;-0.004760357667671086
2.71700e-06;-0.004730641447989709
2.71725e-06;-0.004689634383706815
2.71750e-06;-0.004648627319423921
2.71775e-06;-0.004607300923248102
2.71800e-06;-0.004560417989621609
2.71825e-06;-0.004513535055995037
2.71850e-06;-0.0044664795498628685
2.71875e-06;-0.004416421194308015
2.71900e-06;-0.004366299292929559
2.71925e-06;-0.004315071661882191
2.71950e-06;-0.004263835742799386
2.71975e-06;-0.004212471146165346
2.72000e-06;-0.004161408535493188
2.72025e-06;-0.004110944896356265
2.72050e-06;-0.004061400861825752
2.72075e-06;-0.004013117761625079
2.72100e-06;-0.003966531619130821
2.72125e-06;-0.003923413619100362
2.72150e-06;-0.00388029561906983
2.72175e-06;-0.003840901305869274
2.72200e-06;-0.0038045005630404404
2.72225e-06;-0.003768343172118824
2.72250e-06;-0.003736420228228729
2.72275e-06;-0.0037044972843386344
2.72300e-06;-0.0036726530156275324
2.72325e-06;-0.0036421777350694627
2.72350e-06;-0.0036117024545113934
2.72375e-06;-0.003581391255967581
2.72400e-06;-0.003553935167975986
2.72425e-06;-0.0035264790799843905
2.72450e-06;-0.0034990473844693066
2.72475e-06;-0.0034720401304594597
2.72500e-06;-0.003445032876449567
2.72525e-06;-0.003418025622439674
2.72550e-06;-0.0033910183684298266
2.72575e-06;-0.0033640111144199337
2.72600e-06;-0.003337343006311688
2.72625e-06;-0.003310947546567621
2.72650e-06;-0.0032845520868235983
2.72675e-06;-0.003258156627079531
2.72700e-06;-0.0032317611673354637
2.72725e-06;-0.0032053669345964686
2.72750e-06;-0.003178994052369366
2.72775e-06;-0.0031526211701422627
2.72800e-06;-0.0031263023900178185
2.72825e-06;-0.003100925014012765
2.72850e-06;-0.0030755476380077114
2.72875e-06;-0.0030501879389272742
2.72900e-06;-0.0030251358273314477
2.72925e-06;-0.0030001249850910793
2.72950e-06;-0.0029758322506394873
2.72975e-06;-0.0029515917561186984
2.73000e-06;-0.0029283033987246095
2.73025e-06;-0.002905805838038698
2.73050e-06;-0.002884042860712325
2.73075e-06;-0.002862923849853633
2.73100e-06;-0.002842500440572674
2.73125e-06;-0.002822916534860751
2.73150e-06;-0.002804316280193294
2.73175e-06;-0.002786844264399951
2.73200e-06;-0.0027706569822439353
2.73225e-06;-0.002756148344376699
2.73250e-06;-0.0027442418076482874
2.73275e-06;-0.002735885909927814
2.73300e-06;-0.002731370935957917
2.73325e-06;-0.0027306050036909457
2.73350e-06;-0.0027334896637251035
2.73375e-06;-0.002739927076576113
2.73400e-06;-0.002749931618938779
2.73425e-06;-0.002765082141751993
2.73450e-06;-0.0027806901451457246
2.73475e-06;-0.0028042585434649094
2.73500e-06;-0.002828369112168741
2.73525e-06;-0.002861913721491885
2.73550e-06;-0.002895458330815029
2.73575e-06;-0.002929555007660368
2.73600e-06;-0.002973257940355916
2.73625e-06;-0.0030169608730514635
2.73650e-06;-0.0030611008488332083
2.73675e-06;-0.0031128455967401316
2.73700e-06;-0.0031648907764445415
2.73725e-06;-0.0032221636223237387
2.73750e-06;-0.0032796618521550216
2.73775e-06;-0.0033410818774589814
2.73800e-06;-0.003402661728986836
2.73825e-06;-0.003467022638150679
2.73850e-06;-0.0035314804350825295
2.73875e-06;-0.0035976696810465733
2.73900e-06;-0.003664675150870272
2.73925e-06;-0.003732092625249149
2.73950e-06;-0.0037995174065642958
2.73975e-06;-0.003866544161971975
2.74000e-06;-0.003932769808431737
2.74025e-06;-0.003997827430027592
2.74050e-06;-0.00406143210783686
2.74075e-06;-0.004123302552228086
2.74100e-06;-0.0041830563237784625
2.74125e-06;-0.004240159035708305
2.74150e-06;-0.004292830682407614
2.74175e-06;-0.0043450849537609105
2.74200e-06;-0.004390076681679297
2.74225e-06;-0.004434490086085169
2.74250e-06;-0.004468840367045511
2.74275e-06;-0.004503190648005913
2.74300e-06;-0.004536831549046883
2.74325e-06;-0.004558128878462761
2.74350e-06;-0.0045794262078786025
2.74375e-06;-0.004599966057244259
2.74400e-06;-0.004607325368228879
2.74425e-06;-0.004614684679213486
2.74450e-06;-0.004621092468045251
2.74475e-06;-0.0046109432871561185
2.74500e-06;-0.004600794106267002
2.74525e-06;-0.0045906449253778694
2.74550e-06;-0.004580495744488737
2.74575e-06;-0.0045693055509087345
2.74600e-06;-0.004540001206701726
2.74625e-06;-0.0045106968624946675
2.74650e-06;-0.004481392518287609
2.74675e-06;-0.0044520881740806005
2.74700e-06;-0.004422136239473282
2.74725e-06;-0.0043809159023208005
2.74750e-06;-0.0043396955651683194
2.74775e-06;-0.0042981731386114025
2.74800e-06;-0.004251394202672329
2.74825e-06;-0.004204440623273383
2.74850e-06;-0.0041544481587906835
2.74875e-06;-0.004104351859774377
2.74900e-06;-0.004052448787029769
2.74925e-06;-0.004000508588947528
2.74950e-06;-0.003947918987305807
2.74975e-06;-0.0038952828368058936
