Time(s);Current(A)
6.75000e-06;0.0032905509676482247
6.75025e-06;0.003294184892462933
6.75050e-06;0.003297818817277653
6.75075e-06;0.0033014527420923614
6.75100e-06;0.0033050866669070695
6.75125e-06;0.00330872059172179
6.75150e-06;0.003312354516536498
6.75175e-06;0.003315988441351206
6.75200e-06;0.0033196223661659265
6.75225e-06;0.0033232562909806347
6.75250e-06;0.0033268902157953424
6.75275e-06;0.003330524140610063
6.75300e-06;0.003334158065424771
6.75325e-06;0.003337791990239479
6.75350e-06;0.0033414259150541994
6.75375e-06;0.0033450598398689075
6.75400e-06;0.0033417530490753252
6.75425e-06;0.0033383614598728887
6.75450e-06;0.003334969870670464
6.75475e-06;0.0033315782814680385
6.75500e-06;0.003328186692265602
6.75525e-06;0.003324795103063177
6.75550e-06;0.0033214035138607405
6.75575e-06;0.0033180119246583157
6.75600e-06;0.0033146203354558904
6.75625e-06;0.003311228746253454
6.75650e-06;0.003307837157051029
6.75675e-06;0.0033044455678486037
6.75700e-06;0.003301053978646167
6.75725e-06;0.0032976623894437423
6.75750e-06;0.003294270800241317
6.75775e-06;0.0032908792110388804
6.75800e-06;0.0032874876218364556
6.75825e-06;0.0032857918419724875
6.75850e-06;0.0032841167807118217
6.75875e-06;0.003282441719451161
6.75900e-06;0.0032807666581905004
6.75925e-06;0.0032790915969298346
6.75950e-06;0.003277416535669174
6.75975e-06;0.0032757414744085077
6.76000e-06;0.003274066413147847
6.76025e-06;0.003272391351887187
6.76050e-06;0.0032707162906265206
6.76075e-06;0.00326904122936586
6.76100e-06;0.0032673661681051997
6.76125e-06;0.0032784539016805676
6.76150e-06;0.003289697565098364
6.76175e-06;0.0033009412285161604
6.76200e-06;0.0033121848919339947
6.76225e-06;0.0033234285553517913
6.76250e-06;0.0033346722187695874
6.76275e-06;0.0033459158821874217
6.76300e-06;0.003357159545605218
6.76325e-06;0.0033684032090230145
6.76350e-06;0.0033796468724408488
6.76375e-06;0.003390890535858645
6.76400e-06;0.0034021341992764792
6.76425e-06;0.003424393159974776
6.76450e-06;0.0034467867004096668
6.76475e-06;0.003469180240844633
6.76500e-06;0.0034915737812795237
6.76525e-06;0.003513967321714414
6.76550e-06;0.00353636086214938
6.76575e-06;0.003558754402584271
6.76600e-06;0.0035811479430191613
6.76625e-06;0.003603541483454128
6.76650e-06;0.003625935023889018
6.76675e-06;0.003647988582304833
6.76700e-06;0.0036696853382335625
6.76725e-06;0.003691382094162219
6.76750e-06;0.0037130788500908747
6.76775e-06;0.0037347756060196044
6.76800e-06;0.0037564723619482607
6.76825e-06;0.0037781691178769903
6.76850e-06;0.0037998658738056463
6.76875e-06;0.0038215626297343026
6.76900e-06;0.0038432593856630322
6.76925e-06;0.003864956141591688
6.76950e-06;0.0038763296970079865
6.76975e-06;0.0038875771284017377
6.77000e-06;0.0038988245597954504
6.77025e-06;0.003910071991189163
6.77050e-06;0.003921319422582914
6.77075e-06;0.003932566853976627
6.77100e-06;0.00394381428537034
6.77125e-06;0.00395506171676409
6.77150e-06;0.003966309148157803
6.77175e-06;0.003977556579551515
6.77200e-06;0.003988804010945267
6.77225e-06;0.00400005144233898
6.77250e-06;0.00401129887373273
6.77275e-06;0.004022546305126443
6.77300e-06;0.0040337937365201556
6.77325e-06;0.004045041167913907
6.77350e-06;0.004056288599307619
6.77375e-06;0.004067536030701332
6.77400e-06;0.0040787834620950834
6.77425e-06;0.004090030893488796
6.77450e-06;0.0040963564296677205
6.77475e-06;0.0041026218324392745
6.77500e-06;0.004108887235210807
6.77525e-06;0.004115152637982339
6.77550e-06;0.004121418040753893
6.77575e-06;0.004127683443525426
6.77600e-06;0.004133948846296958
6.77625e-06;0.004140214249068512
6.77650e-06;0.004146479651840044
6.77675e-06;0.0041527450546115985
6.77700e-06;0.004159010457383131
6.77725e-06;0.004165275860154663
6.77750e-06;0.004171541262926217
6.77775e-06;0.00417780666569775
6.77800e-06;0.004184072068469282
6.77825e-06;0.004190337471240836
6.77850e-06;0.004196602874012368
6.77875e-06;0.004202868276783901
6.77900e-06;0.004209133679555455
6.77925e-06;0.004215399082326987
6.77950e-06;0.004207001191807645
6.77975e-06;0.0041984241520482074
6.78000e-06;0.004189847112288799
6.78025e-06;0.00418127007252939
6.78050e-06;0.0041726930327699524
6.78075e-06;0.004164115993010544
6.78100e-06;0.004155538953251107
6.78125e-06;0.004146961913491698
6.78150e-06;0.00413838487373229
6.78175e-06;0.00411384938708026
6.78200e-06;0.004072565916060609
6.78225e-06;0.004031282445040957
6.78250e-06;0.003989998974021165
6.78275e-06;0.003948715503001513
6.78300e-06;0.003907432031981861
6.78325e-06;0.0038661485609620696
6.78350e-06;0.0038248650899424174
6.78375e-06;0.0037835816189227657
6.78400e-06;0.003742298147902974
6.78425e-06;0.003677228438930434
6.78450e-06;0.003611868120859358
6.78475e-06;0.003546507802788061
6.78500e-06;0.003481147484716985
6.78525e-06;0.0034157871666456877
6.78550e-06;0.0033504268485746117
6.78575e-06;0.0032850665305035357
6.78600e-06;0.003213023496553261
6.78625e-06;0.0031408988163151505
6.78650e-06;0.0030687741360770396
6.78675e-06;0.0029966494558386846
6.78700e-06;0.0029245247756005737
6.78725e-06;0.0028524000953624633
6.78750e-06;0.0027802754151241083
6.78775e-06;0.002718390912835341
6.78800e-06;0.0026566315202374955
6.78825e-06;0.0025948721276394405
6.78850e-06;0.002533112735041595
6.78875e-06;0.002471353342443749
6.78900e-06;0.0024095939498456945
6.78925e-06;0.0023478345572478486
6.78950e-06;0.0023051640945143193
6.78975e-06;0.0022627268513720207
6.79000e-06;0.0022202896082297225
6.79025e-06;0.0021778523650872804
6.79050e-06;0.002135415121944982
6.79075e-06;0.0020929778788026836
6.79100e-06;0.002050540635660242
6.79125e-06;0.002022243166208988
6.79150e-06;0.0019941184498800356
6.79175e-06;0.0019659937335509883
6.79200e-06;0.001937869017222036
6.79225e-06;0.0019097443008930838
6.79250e-06;0.0018816195845640362
6.79275e-06;0.001853494868235084
6.79300e-06;0.001825370151906132
6.79325e-06;0.0017972454355770844
6.79350e-06;0.0017735486311781068
6.79375e-06;0.0017544988077958625
6.79400e-06;0.0017354489844136826
6.79425e-06;0.001716399161031503
6.79450e-06;0.0016973493376492587
6.79475e-06;0.0016782995142670789
6.79500e-06;0.0016592496908848992
6.79525e-06;0.001640199867502655
6.79550e-06;0.0016211500441204753
6.79575e-06;0.0016021002207382954
6.79600e-06;0.0015890498836574913
6.79625e-06;0.0015760728454860102
6.79650e-06;0.0015630958073145293
6.79675e-06;0.0015501187691430041
6.79700e-06;0.0015371417309715232
6.79725e-06;0.0015241646928000423
6.79750e-06;0.0015111876546285172
6.79775e-06;0.0014982106164570363
6.79800e-06;0.0014852335782855114
6.79825e-06;0.0014722565401140302
6.79850e-06;0.0014592795019425493
6.79875e-06;0.001453193194233931
6.79900e-06;0.0014471910742376
6.79925e-06;0.0014411889542412693
6.79950e-06;0.001435186834244918
6.79975e-06;0.001429184714248587
6.80000e-06;0.001423182594252256
6.80025e-06;0.0014171804742559046
6.80050e-06;0.0014111783542595736
6.80075e-06;0.0014051762342632429
6.80100e-06;0.0013991741142668915
6.80125e-06;0.0013931719942705605
6.80150e-06;0.0013971222867928239
6.80175e-06;0.001401194173222313
6.80200e-06;0.001405266059651788
6.80225e-06;0.001409337946081277
6.80250e-06;0.001413409832510752
6.80275e-06;0.0014174817189402272
6.80300e-06;0.001421553605369716
6.80325e-06;0.0014256254917991912
6.80350e-06;0.0014296973782286662
6.80375e-06;0.0014337692646581553
6.80400e-06;0.0014414853735911209
6.80425e-06;0.0014530260014077223
6.80450e-06;0.0014645666292243628
6.80475e-06;0.0014761072570409642
6.80500e-06;0.0014876478848575656
6.80525e-06;0.001499188512674206
6.80550e-06;0.0015107291404908075
6.80575e-06;0.0015222697683074092
6.80600e-06;0.0015338103961240496
6.80625e-06;0.001545351023940651
6.80650e-06;0.0015568916517572915
6.80675e-06;0.0015696466906998724
6.80700e-06;0.001582416566747844
6.80725e-06;0.001595186442795859
6.80750e-06;0.0016079563188438307
6.80775e-06;0.0016207261948918026
6.80800e-06;0.0016334960709398175
6.80825e-06;0.0016462659469877892
6.80850e-06;0.0016578958040234792
6.80875e-06;0.0016683292400844574
6.80900e-06;0.0016787626761454002
6.80925e-06;0.001689196112206343
6.80950e-06;0.0016996295482673211
6.80975e-06;0.0017100629843282641
6.81000e-06;0.001720496420389207
6.81025e-06;0.001730929856450185
6.81050e-06;0.001753099371944035
6.81075e-06;0.0017754122733502362
6.81100e-06;0.0017977251747563617
6.81125e-06;0.0018200380761624873
6.81150e-06;0.0018423509775686885
6.81175e-06;0.001864663878974814
6.81200e-06;0.0018869767803809396
6.81225e-06;0.0019092896817871408
6.81250e-06;0.0019316025831932664
6.81275e-06;0.001953915484599392
6.81300e-06;0.0019762283860055934
6.81325e-06;0.0020168879415677016
6.81350e-06;0.0020577716479423034
6.81375e-06;0.002098655354317044
6.81400e-06;0.002139539060691646
6.81425e-06;0.0021804227670662478
6.81450e-06;0.002221306473440988
6.81475e-06;0.0022621901798155902
6.81500e-06;0.0023030738861903304
6.81525e-06;0.0023439575925649323
6.81550e-06;0.002384841298939534
6.81575e-06;0.0024257250053142747
6.81600e-06;0.002472577514265008
6.81625e-06;0.002519502947245058
6.81650e-06;0.002566428380225267
6.81675e-06;0.002613353813205317
6.81700e-06;0.002660279246185367
6.81725e-06;0.0027072046791655757
6.81750e-06;0.0027541301121456257
6.81775e-06;0.0027969209881176117
6.81800e-06;0.002835372751608586
6.81825e-06;0.002873824515099431
6.81850e-06;0.0029122762785902755
6.81875e-06;0.00295072804208125
6.81900e-06;0.002989179805572095
6.81925e-06;0.0030276315690630695
6.81950e-06;0.003066083332553914
6.81975e-06;0.0030930026752464743
6.82000e-06;0.0031197811202330165
6.82025e-06;0.003146559565219468
6.82050e-06;0.0031733380102059203
6.82075e-06;0.0032001164551924625
6.82100e-06;0.003226894900178914
6.82125e-06;0.0032536733451653662
6.82150e-06;0.0032804517901519085
6.82175e-06;0.00330723023513836
6.82200e-06;0.0033340086801248122
6.82225e-06;0.0033607871251113545
6.82250e-06;0.0033862808645497185
6.82275e-06;0.003411758908058519
6.82300e-06;0.0034372369515674062
6.82325e-06;0.0034627149950762067
6.82350e-06;0.0034881930385850936
6.82375e-06;0.003513671082093894
6.82400e-06;0.0035391491256026946
6.82425e-06;0.0035646271691115814
6.82450e-06;0.0035901052126203824
6.82475e-06;0.003615583256129183
6.82500e-06;0.0036410612996380697
6.82525e-06;0.0036661134406959285
6.82550e-06;0.003691160378277494
6.82575e-06;0.003716207315859145
6.82600e-06;0.0037412542534407105
6.82625e-06;0.003766301191022276
6.82650e-06;0.0037913481286039265
6.82675e-06;0.003816395066185492
6.82700e-06;0.003841442003767058
6.82725e-06;0.003866488941348708
6.82750e-06;0.0038861948572217085
6.82775e-06;0.003905835518997841
6.82800e-06;0.003925476180773907
6.82825e-06;0.003945116842549973
6.82850e-06;0.003964757504326105
6.82875e-06;0.003984398166102171
6.82900e-06;0.004004038827878237
6.82925e-06;0.004023679489654369
6.82950e-06;0.004043320151430435
6.82975e-06;0.0040390086905966825
6.83000e-06;0.004034404593968769
6.83025e-06;0.004029800497340872
6.83050e-06;0.004025196400712974
6.83075e-06;0.004020592304085061
6.83100e-06;0.004015988207457162
6.83125e-06;0.004011384110829265
6.83150e-06;0.004006780014201352
6.83175e-06;0.004002175917573454
6.83200e-06;0.003957293083003865
6.83225e-06;0.003911918141716096
6.83250e-06;0.0038665432004283268
6.83275e-06;0.003821168259140404
6.83300e-06;0.0037757933178526343
6.83325e-06;0.0037304183765648653
6.83350e-06;0.0036850434352769424
6.83375e-06;0.003639668493989173
6.83400e-06;0.003594293552701404
6.83425e-06;0.0035204034569069386
6.83450e-06;0.0034461649763367335
6.83475e-06;0.003371926495766528
6.83500e-06;0.0032976880151960714
6.83525e-06;0.003223449534625866
6.83550e-06;0.003149211054055661
6.83575e-06;0.003070228147330618
6.83600e-06;0.0029862660859598014
6.83625e-06;0.0029023040245887005
6.83650e-06;0.002818341963217884
6.83675e-06;0.0027343799018470674
6.83700e-06;0.0026504178404759666
6.83725e-06;0.0025664557791051502
6.83750e-06;0.002487747407592369
6.83775e-06;0.0024091032231964315
6.83800e-06;0.002330459038800761
6.83825e-06;0.00225181485440509
6.83850e-06;0.0021731706700091526
6.83875e-06;0.002111670846337348
6.83900e-06;0.0020503804844188385
6.83925e-06;0.001989090122500122
6.83950e-06;0.0019277997605816129
6.83975e-06;0.001866509398663104
6.84000e-06;0.0018240676183364567
6.84025e-06;0.001781856121133941
6.84050e-06;0.0017518963710311363
6.84075e-06;0.0017220863070245395
6.84100e-06;0.001704895332637211
6.84125e-06;0.0016878585323643904
6.84150e-06;0.0016837912577336881
6.84175e-06;0.001679882438680366
6.84200e-06;0.0016889730479163019
6.84225e-06;0.0016982224780660955
6.84250e-06;0.0017198743186534714
6.84275e-06;0.001741677686070851
6.84300e-06;0.0017751256618404817
6.84325e-06;0.0018087159059697819
6.84350e-06;0.001853182317924478
6.84375e-06;0.001897781609792986
6.84400e-06;0.001954485224877313
6.84425e-06;0.002011336724901904
6.84450e-06;0.0020681882249263023
6.84475e-06;0.0021367612559463375
6.84500e-06;0.0022054774951304787
6.84525e-06;0.00227419373431462
6.84550e-06;0.002353354152627517
6.84575e-06;0.0024326421730188484
6.84600e-06;0.0025119301934101797
6.84625e-06;0.00259121821380178
6.84650e-06;0.0026705062341931115
6.84675e-06;0.0027507979861048364
6.84700e-06;0.002832143128732441
6.84725e-06;0.0029134882713597703
6.84750e-06;0.0029948334139870995
6.84775e-06;0.0030761785566147046
6.84800e-06;0.003157523699242034
6.84825e-06;0.0032234827186758486
6.84850e-06;0.003289253757678271
6.84875e-06;0.0033550247966804706
6.84900e-06;0.003420795835682893
6.84925e-06;0.003486566874685093
6.84950e-06;0.0035523379136872925
6.84975e-06;0.0036002670188356226
6.85000e-06;0.0036294714679505216
6.85025e-06;0.0036586759170654203
6.85050e-06;0.003687880366180418
6.85075e-06;0.003717084815295317
6.85100e-06;0.003746289264410216
6.85125e-06;0.0037754937135252137
6.85150e-06;0.003772322301143843
6.85175e-06;0.003768755335683066
6.85200e-06;0.0037651883702222765
6.85225e-06;0.0037410106601707496
6.85250e-06;0.0037165811377160114
6.85275e-06;0.00369215161526119
6.85300e-06;0.003648908113943133
6.85325e-06;0.0036054347522620806
6.85350e-06;0.0035619613905811757
6.85375e-06;0.003501715557430446
6.85400e-06;0.003441264806095812
6.85425e-06;0.003380814054761383
6.85450e-06;0.0033021152443592316
6.85475e-06;0.0032231934877365222
6.85500e-06;0.0031442717311140804
6.85525e-06;0.0030653499744916386
6.85550e-06;0.0029864282178689297
6.85575e-06;0.0029012555814030517
6.85600e-06;0.0028095228054412125
6.85625e-06;0.0027177900294790623
6.85650e-06;0.0026260572535172235
6.85675e-06;0.0025343244775553843
6.85700e-06;0.002442591701593234
6.85725e-06;0.002352117174191159
6.85750e-06;0.002261658019479057
6.85775e-06;0.0021711988647672618
6.85800e-06;0.0020807397100554665
6.85825e-06;0.0019967783850054505
6.85850e-06;0.0019196363670084481
6.85875e-06;0.0018424943490114457
6.85900e-06;0.0017653523310141818
6.85925e-06;0.0016882103130171793
6.85950e-06;0.0016272170918344819
6.85975e-06;0.0015664211690706302
6.86000e-06;0.0015149879376507567
6.86025e-06;0.0014636690951987373
6.86050e-06;0.0014208634213853026
6.86075e-06;0.0013781617574702347
6.86100e-06;0.0013449206585633582
6.86125e-06;0.001311795144398679
6.86150e-06;0.0012888550469107266
6.86175e-06;0.0012660393900623974
6.86200e-06;0.001252017354180353
6.86225e-06;0.0012381027546313277
6.86250e-06;0.0012319437516560919
6.86275e-06;0.001225879502919144
6.86300e-06;0.0012276583159990023
6.86325e-06;0.0012295329519263877
6.86350e-06;0.0012391987800787795
6.86375e-06;0.0012489597973603416
6.86400e-06;0.0012664683796714906
6.86425e-06;0.0012840716180951561
6.86450e-06;0.0013016748565188214
6.86475e-06;0.0013268243346495501
6.86500e-06;0.0013520660091944608
6.86525e-06;0.0013773076837393715
6.86550e-06;0.0014102553157669677
6.86575e-06;0.0014432970955654976
6.86600e-06;0.0014763388753641397
6.86625e-06;0.0015093806551626696
6.86650e-06;0.0015424224349611998
6.86675e-06;0.0015769683455029069
6.86700e-06;0.0016130928030234355
6.86725e-06;0.0016492172605439641
6.86750e-06;0.001685341718064615
6.86775e-06;0.0017214661755851437
6.86800e-06;0.0017575906331056721
6.86825e-06;0.0017874870994952598
6.86850e-06;0.0018173074752128552
6.86875e-06;0.0018471278509304507
6.86900e-06;0.0018769482266481471
6.86925e-06;0.0019067686023657427
6.86950e-06;0.0019365889780833382
6.86975e-06;0.0019629300508593847
6.87000e-06;0.0019856196836442524
6.87025e-06;0.002008309316429197
6.87050e-06;0.0020309989492140646
6.87075e-06;0.0020536885819989322
6.87100e-06;0.0020763782147838767
6.87125e-06;0.0020990678475687444
6.87150e-06;0.002120286118451051
6.87175e-06;0.0021414864129244643
6.87200e-06;0.0021626867073978057
6.87225e-06;0.0021838870018711476
6.87250e-06;0.0022050872963445605
6.87275e-06;0.0022262875908179024
6.87300e-06;0.002247487885291244
6.87325e-06;0.002268688179764657
6.87350e-06;0.0022898884742379986
6.87375e-06;0.0023110887687113404
6.87400e-06;0.0023322890631847534
6.87425e-06;0.0023534893576580953
6.87450e-06;0.0023746896521315087
6.87475e-06;0.00239588994660485
6.87500e-06;0.00241626648886874
6.87525e-06;0.002436632966914945
6.87550e-06;0.0024569994449610815
6.87575e-06;0.0024773659230072176
6.87600e-06;0.002497732401053423
6.87625e-06;0.002518098879099559
6.87650e-06;0.0025384653571456956
6.87675e-06;0.0025588318351919006
6.87700e-06;0.002579198313238037
6.87725e-06;0.002599564791284173
6.87750e-06;0.0026199312693303786
6.87775e-06;0.0026402977473765146
6.87800e-06;0.002660664225422651
6.87825e-06;0.002681030703468856
6.87850e-06;0.0026946122544418
6.87875e-06;0.002708110910361366
6.87900e-06;0.0027216095662808857
6.87925e-06;0.0027351082222004056
6.87950e-06;0.0027486068781199715
6.87975e-06;0.0027621055340394914
6.88000e-06;0.0027756041899590113
6.88025e-06;0.002789102845878577
6.88050e-06;0.002802601501798097
6.88075e-06;0.002816100157717617
6.88100e-06;0.002828845731229938
6.88125e-06;0.002840800963899846
6.88150e-06;0.0028527561965697537
6.88175e-06;0.002864711429239702
6.88200e-06;0.00287666666190961
6.88225e-06;0.0028886218945795177
6.88250e-06;0.0029005771272494663
6.88275e-06;0.002912532359919374
6.88300e-06;0.0029244875925893226
6.88325e-06;0.0029364428252592304
6.88350e-06;0.002948398057929138
6.88375e-06;0.0029617198124918184
6.88400e-06;0.002975058262577317
6.88425e-06;0.002988396712662816
6.88450e-06;0.0030017351627483597
6.88475e-06;0.0030150736128338584
6.88500e-06;0.003028412062919357
6.88525e-06;0.003041750513004901
6.88550e-06;0.0030550889630903996
6.88575e-06;0.003068427413175898
6.88600e-06;0.0030817658632614417
6.88625e-06;0.0030951043133469404
6.88650e-06;0.003108442763432439
6.88675e-06;0.003121781213517983
6.88700e-06;0.0031351196636034816
6.88725e-06;0.0031470156117217253
6.88750e-06;0.00315739769069511
6.88775e-06;0.003167779769668495
6.88800e-06;0.003178161848641915
6.88825e-06;0.0031885439276153
6.88850e-06;0.0031989260065886853
6.88875e-06;0.0032093080855621053
6.88900e-06;0.00321969016453549
6.88925e-06;0.003230072243508875
6.88950e-06;0.0032404543224822955
6.88975e-06;0.0032508364014556803
6.89000e-06;0.003261218480429065
6.89025e-06;0.003271600559402485
6.89050e-06;0.00328198263837587
6.89075e-06;0.0032923647173492554
6.89100e-06;0.003307724499841544
6.89125e-06;0.0033231450975780247
6.89150e-06;0.003338565695314557
6.89175e-06;0.0033539862930510376
6.89200e-06;0.003369406890787518
6.89225e-06;0.0033848274885240506
6.89250e-06;0.0034002480862605306
6.89275e-06;0.003415668683997011
6.89300e-06;0.0034310892817335436
6.89325e-06;0.003446509879470024
6.89350e-06;0.0034619304772065046
6.89375e-06;0.003477351074943037
6.89400e-06;0.0034927716726795175
6.89425e-06;0.003511632390947455
6.89450e-06;0.0035341034282614283
6.89475e-06;0.003556574465575325
6.89500e-06;0.003579045502889222
6.89525e-06;0.0036015165402031946
6.89550e-06;0.0036239875775170914
6.89575e-06;0.0036464586148310645
6.89600e-06;0.0036689296521449613
6.89625e-06;0.003691400689458858
6.89650e-06;0.0037138717267728313
6.89675e-06;0.003736342764086728
6.89700e-06;0.003758813801400625
6.89725e-06;0.0037812848387145975
6.89750e-06;0.0038037558760284943
6.89775e-06;0.003823887562881088
6.89800e-06;0.0038439906686483687
6.89825e-06;0.003864093774415582
6.89850e-06;0.0038841968801827946
6.89875e-06;0.003904299985950076
6.89900e-06;0.00392109722633358
6.89925e-06;0.003934425045036143
6.89950e-06;0.003947752863738752
6.89975e-06;0.003961080682441316
6.90000e-06;0.0039744085011439246
6.90025e-06;0.003987736319846487
6.90050e-06;0.003994773876240069
6.90075e-06;0.003988126976530117
6.90100e-06;0.0039813138254970876
6.90125e-06;0.003974500674464058
6.90150e-06;0.003967687523431005
6.90175e-06;0.003960874372397977
6.90200e-06;0.003954061221364947
6.90225e-06;0.003947248070331894
6.90250e-06;0.003940434919298865
6.90275e-06;0.003933621768265836
6.90300e-06;0.0039268086172327835
6.90325e-06;0.003919995466199754
6.90350e-06;0.0039032207731726793
6.90375e-06;0.003875991695058558
6.90400e-06;0.0038487626169445297
6.90425e-06;0.003821533538830501
6.90450e-06;0.0037943044607163796
6.90475e-06;0.003767075382602351
6.90500e-06;0.00373984630448823
6.90525e-06;0.003712617226374201
6.90550e-06;0.0036853881482601727
6.90575e-06;0.0036581590701460515
6.90600e-06;0.003630929992032023
6.90625e-06;0.0036037009139179943
6.90650e-06;0.003572184740493043
6.90675e-06;0.0035406161893510838
6.90700e-06;0.003509047638209125
6.90725e-06;0.0034774790870670588
6.90750e-06;0.0034459105359250994
6.90775e-06;0.0034143419847831404
6.90800e-06;0.0033827734336410744
6.90825e-06;0.003351204882499115
6.90850e-06;0.003319636331357156
6.90875e-06;0.0032938219951291685
6.90900e-06;0.0032740465611731566
6.90925e-06;0.003254271127217078
6.90950e-06;0.003234495693261066
6.90975e-06;0.0032147202593050543
6.91000e-06;0.0031949448253489757
6.91025e-06;0.003175169391392964
6.91050e-06;0.0031553939574369525
6.91075e-06;0.0031356185234808734
6.91100e-06;0.003115843089524862
6.91125e-06;0.003113573999027983
6.91150e-06;0.0031115187928133716
6.91175e-06;0.003109463586598767
6.91200e-06;0.003107408380384163
6.91225e-06;0.003105353174169551
6.91250e-06;0.0031032979679549468
6.91275e-06;0.0031012427617403424
6.91300e-06;0.0030991875555257307
6.91325e-06;0.0030971323493111263
6.91350e-06;0.003095077143096515
6.91375e-06;0.0030930219368819106
6.91400e-06;0.0030973396968677026
6.91425e-06;0.0031083457228701142
6.91450e-06;0.0031193517488724886
6.91475e-06;0.003130357774874863
6.91500e-06;0.0031413638008772745
6.91525e-06;0.003152369826879649
6.91550e-06;0.003163375852882023
6.91575e-06;0.003174381878884435
6.91600e-06;0.003185387904886809
6.91625e-06;0.0031963939308891835
6.91650e-06;0.003207399956891595
6.91675e-06;0.0032184059828939695
6.91700e-06;0.003229784047456619
6.91725e-06;0.0032411666574116925
6.91750e-06;0.0032525492673667277
6.91775e-06;0.0032639318773218014
6.91800e-06;0.0032753144872768366
6.91825e-06;0.0032866970972318717
6.91850e-06;0.0032980797071869455
6.91875e-06;0.0033094623171419806
6.91900e-06;0.003320844927097016
6.91925e-06;0.0033322275370520895
6.91950e-06;0.0033436101470071247
6.91975e-06;0.00335499275696216
6.92000e-06;0.0033663753669172336
6.92025e-06;0.0033777579768722687
6.92050e-06;0.003389140586827304
6.92075e-06;0.0034005231967823776
6.92100e-06;0.003407480229331422
6.92125e-06;0.003414383192254472
6.92150e-06;0.0034212861551775452
6.92175e-06;0.003428189118100595
6.92200e-06;0.0034350920810236685
6.92225e-06;0.0034419950439467184
6.92250e-06;0.0034488980068697684
6.92275e-06;0.0034558009697928417
6.92300e-06;0.0034627039327158916
6.92325e-06;0.0034696068956389416
6.92350e-06;0.003476509858562015
6.92375e-06;0.003483412821485065
6.92400e-06;0.0034903157844081148
6.92425e-06;0.0034972187473311877
6.92450e-06;0.0035041217102542376
6.92475e-06;0.0035110246731772875
6.92500e-06;0.0035172119727451554
6.92525e-06;0.003523390528674297
6.92550e-06;0.003529569084603438
6.92575e-06;0.003535747640532601
6.92600e-06;0.0035419261964617426
6.92625e-06;0.003548104752390905
6.92650e-06;0.0035542833083200467
6.92675e-06;0.0035604618642491883
6.92700e-06;0.0035666404201783507
6.92725e-06;0.0035728189761074923
6.92750e-06;0.003578997532036634
6.92775e-06;0.003583450377998234
6.92800e-06;0.00358609213521956
6.92825e-06;0.0035887338924408857
6.92850e-06;0.0035913756496622207
6.92875e-06;0.0035940174068835465
6.92900e-06;0.003596659164104873
6.92925e-06;0.0035993009213262078
6.92950e-06;0.0036019426785475336
6.92975e-06;0.0036045844357688595
6.93000e-06;0.0036072261929901944
6.93025e-06;0.0036098679502115203
6.93050e-06;0.003612509707432855
6.93075e-06;0.0036029755095373303
6.93100e-06;0.003593292551541986
6.93125e-06;0.0035836095935466083
6.93150e-06;0.003573926635551264
6.93175e-06;0.0035642436775559193
6.93200e-06;0.0035475494838339496
6.93225e-06;0.003528631306631151
6.93250e-06;0.0035097131294283524
6.93275e-06;0.0034907949522254896
6.93300e-06;0.0034718767750226915
6.93325e-06;0.0034449340715719014
6.93350e-06;0.003410887814029985
6.93375e-06;0.003376841556488184
6.93400e-06;0.003342795298946383
6.93425e-06;0.0033087490414044664
6.93450e-06;0.003274702783862665
6.93475e-06;0.0032406565263207484
6.93500e-06;0.0032066102687789474
6.93525e-06;0.0031718997612136457
6.93550e-06;0.0031304447136426
6.93575e-06;0.003088989666071694
6.93600e-06;0.0030475346185007885
6.93625e-06;0.0030060795709297428
6.93650e-06;0.002964624523358837
6.93675e-06;0.0029231694757879314
6.93700e-06;0.002881714428216885
6.93725e-06;0.0028402593806459795
6.93750e-06;0.0028005640840567795
6.93775e-06;0.0027618210400609114
6.93800e-06;0.0027245971386903587
6.93825e-06;0.002693315282101443
6.93850e-06;0.002662033425512421
6.93875e-06;0.002630566521067878
6.93900e-06;0.0025990406465573636
6.93925e-06;0.0025675147720469562
6.93950e-06;0.002535988897536549
6.93975e-06;0.0025044630230260344
6.94000e-06;0.0024746246778178924
6.94025e-06;0.0024453241054672712
6.94050e-06;0.0024160235331165507
6.94075e-06;0.0023867229607659295
6.94100e-06;0.0023574223884153082
6.94125e-06;0.0023242323778346276
6.94150e-06;0.0022898029017773933
6.94175e-06;0.002255373425720159
6.94200e-06;0.002220943949662808
6.94225e-06;0.0021865144736055732
6.94250e-06;0.002152084997548339
6.94275e-06;0.002117655521490988
6.94300e-06;0.0020832260454337536
6.94325e-06;0.0020487965693764022
6.94350e-06;0.002012055365790004
6.94375e-06;0.0019686773993170346
6.94400e-06;0.0019252994328439184
6.94425e-06;0.001881921466370949
6.94450e-06;0.0018385434998979798
6.94475e-06;0.0017951655334248634
6.94500e-06;0.001751787566951894
6.94525e-06;0.0017084096004789245
6.94550e-06;0.0016650316340058083
6.94575e-06;0.001621653667532839
6.94600e-06;0.0015768278512101267
6.94625e-06;0.0015315406418022364
6.94650e-06;0.0014862534323944996
6.94675e-06;0.0014409662229867629
6.94700e-06;0.0013956790135788725
6.94725e-06;0.0013503918041711358
6.94750e-06;0.0013092616941429748
6.94775e-06;0.0012694563464221928
6.94800e-06;0.001229650998701411
6.94825e-06;0.001189845650980494
6.94850e-06;0.0011500403032597122
6.94875e-06;0.0011102349555389302
6.94900e-06;0.001075813651317865
6.94925e-06;0.0010431081054267887
6.94950e-06;0.0010151097444538477
6.94975e-06;0.0009886114441199402
6.95000e-06;0.0009621131437861222
6.95025e-06;0.000939285935358224
6.95050e-06;0.0009176286109620768
6.95075e-06;0.0008990088295992575
6.95100e-06;0.0008813570362851135
6.95125e-06;0.0008671535845166877
6.95150e-06;0.0008540490318807647
6.95175e-06;0.0008448366662222486
6.95200e-06;0.0008368646419963082
6.95225e-06;0.000828892617770368
6.95250e-06;0.000824796440983262
6.95275e-06;0.0008219353986314896
6.95300e-06;0.0008190743562797172
6.95325e-06;0.0008201537838373798
6.95350e-06;0.0008224889393753527
6.95375e-06;0.0008248240949133255
6.95400e-06;0.0008302867455506139
6.95425e-06;0.0008367460496821814
6.95450e-06;0.0008432053538137489
6.95475e-06;0.0008532897299961574
6.95500e-06;0.0008645293248477034
6.95525e-06;0.0008757689196992492
6.95550e-06;0.0008870085145508333
6.95575e-06;0.0008982481094023792
6.95600e-06;0.0009094877042539631
6.95625e-06;0.0009215134463055742
6.95650e-06;0.0009357961466247076
6.95675e-06;0.0009500788469438894
6.95700e-06;0.0009643615472630228
6.95725e-06;0.0009786442475821563
6.95750e-06;0.000992926947901338
6.95775e-06;0.0010072096482204715
6.95800e-06;0.0010205401268832182
6.95825e-06;0.0010335671566161304
6.95850e-06;0.0010465941863489984
6.95875e-06;0.0010596212160818663
6.95900e-06;0.0010722402364180832
6.95925e-06;0.001083687898284823
6.95950e-06;0.0010951355601515633
6.95975e-06;0.001106583222018342
6.96000e-06;0.0011180308838850822
6.96025e-06;0.0011346433848881355
6.96050e-06;0.0011529017893404893
6.96075e-06;0.0011755795056155316
6.96100e-06;0.0011996655446633014
6.96125e-06;0.001227428487519693
6.96150e-06;0.0012563631665138122
6.96175e-06;0.0012898269360768684
6.96200e-06;0.0013247340121190138
6.96225e-06;0.001365792670636229
6.96250e-06;0.001408811682718743
6.96275e-06;0.0014582737405092494
6.96300e-06;0.0015097890338168518
6.96325e-06;0.0015613043271246287
6.96350e-06;0.0016190786421787816
6.96375e-06;0.00167884754897327
6.96400e-06;0.001738616455767961
6.96425e-06;0.0018070367693784391
6.96450e-06;0.0018782140672713502
6.96475e-06;0.00194939136516402
6.96500e-06;0.0020205686630566898
6.96525e-06;0.002091745960949601
6.96550e-06;0.0021629232588422707
6.96575e-06;0.0022388761749665437
6.96600e-06;0.002316350959693704
6.96625e-06;0.002393825744420602
6.96650e-06;0.0024713005291474997
6.96675e-06;0.0025487753138746603
6.96700e-06;0.002626250098601558
6.96725e-06;0.002698852777328542
6.96750e-06;0.002769902839244694
6.96775e-06;0.002840952901160605
6.96800e-06;0.002912002963076516
6.96825e-06;0.0029830530249926675
6.96850e-06;0.0030541030869085787
6.96875e-06;0.003119422281688313
6.96900e-06;0.003168288669718103
6.96925e-06;0.0032171550577478926
6.96950e-06;0.0032660214457778483
6.96975e-06;0.003314887833807638
6.97000e-06;0.003363754221837428
6.97025e-06;0.003412620609867383
6.97050e-06;0.003444964973471607
6.97075e-06;0.0034720441862613415
6.97100e-06;0.0034991233990511674
6.97125e-06;0.0035149278740765656
6.97150e-06;0.0035271393756749238
6.97175e-06;0.003539350877273323
6.97200e-06;0.003540866771444675
6.97225e-06;0.0035389742463628414
6.97250e-06;0.003537081721281002
6.97275e-06;0.00351884188876823
6.97300e-06;0.003495392583323189
6.97325e-06;0.003471943277878228
6.97350e-06;0.003448493972433267
6.97375e-06;0.0034250446669882263
6.97400e-06;0.0034015953615432653
6.97425e-06;0.0033781460560983042
6.97450e-06;0.0033491271797866195
6.97475e-06;0.003304118563885557
6.97500e-06;0.0032591099479844943
6.97525e-06;0.0032141013320832793
6.97550e-06;0.0031690927161822165
6.97575e-06;0.0031240841002811537
6.97600e-06;0.0030790754843799386
6.97625e-06;0.003034066868478876
6.97650e-06;0.0029842672927341283
6.97675e-06;0.002932940959403713
6.97700e-06;0.002881614626073472
6.97725e-06;0.002830288292743057
6.97750e-06;0.0027789619594128156
6.97775e-06;0.0027276356260825746
6.97800e-06;0.002678558228826228
6.97825e-06;0.002635937325801933
6.97850e-06;0.002593316422777637
6.97875e-06;0.002550695519753197
6.97900e-06;0.0025080746167289018
6.97925e-06;0.002465453713704606
6.97950e-06;0.002422832810680166
6.97975e-06;0.0023914187949957972
6.98000e-06;0.002363576130525522
6.98025e-06;0.0023357334660551524
6.98050e-06;0.002316570223243281
6.98075e-06;0.0023001728923333136
6.98100e-06;0.0022837755614232907
6.98125e-06;0.0022764761091533725
6.98150e-06;0.002272075920429158
6.98175e-06;0.0022676757317049577
6.98200e-06;0.002272365181961576
6.98225e-06;0.002279951269993132
6.98250e-06;0.0022875373580246625
6.98275e-06;0.0023035328423094206
6.98300e-06;0.002322208188236961
6.98325e-06;0.0023408835341644377
6.98350e-06;0.0023671575527274987
6.98375e-06;0.0023958530758455754
6.98400e-06;0.002424548598963555
6.98425e-06;0.0024627852607593333
6.98450e-06;0.0025040624418505263
6.98475e-06;0.0025453396229415796
6.98500e-06;0.0025866168040326325
6.98525e-06;0.0026278939851238255
6.98550e-06;0.002669171166214879
6.98575e-06;0.0027104483473060718
6.98600e-06;0.002757740134945541
6.98625e-06;0.002806948625389622
6.98650e-06;0.00285615711583387
6.98675e-06;0.002905365606277951
6.98700e-06;0.0029545740967220325
6.98725e-06;0.0030037825871662804
6.98750e-06;0.0030529910776103614
6.98775e-06;0.003092484787805856
6.98800e-06;0.0031288826435348395
6.98825e-06;0.003165280499263699
6.98850e-06;0.0032016783549925587
6.98875e-06;0.0032380762107215417
6.98900e-06;0.0032744740664504015
6.98925e-06;0.0033108719221792613
6.98950e-06;0.0033472697779082443
6.98975e-06;0.003383667633637104
6.99000e-06;0.003420065489366087
6.99025e-06;0.003456463345094947
6.99050e-06;0.0034928612008238067
6.99075e-06;0.0035224760132081144
6.99100e-06;0.003532617315108264
6.99125e-06;0.003542758617008414
6.99150e-06;0.003552899918908598
6.99175e-06;0.003563041220808748
6.99200e-06;0.0035731825227088977
6.99225e-06;0.0035833238246090818
6.99250e-06;0.0035934651265092316
6.99275e-06;0.0036036064284093814
6.99300e-06;0.0036137477303095655
6.99325e-06;0.0036238890322097153
6.99350e-06;0.0036340303341098647
6.99375e-06;0.003644171636010049
6.99400e-06;0.003642119834045808
6.99425e-06;0.003636182398635549
6.99450e-06;0.0036302449632253093
6.99475e-06;0.0036243075278150697
6.99500e-06;0.0036183700924048105
6.99525e-06;0.0036124326569945708
6.99550e-06;0.003606495221584331
6.99575e-06;0.003600557786174072
6.99600e-06;0.0035946203507638322
6.99625e-06;0.0035886829153535926
6.99650e-06;0.003582745479943333
6.99675e-06;0.003573838524835401
6.99700e-06;0.0035639852589945025
6.99725e-06;0.00355413199315357
6.99750e-06;0.003544278727312671
6.99775e-06;0.0035344254614717726
6.99800e-06;0.00352457219563084
6.99825e-06;0.0035147189297899412
6.99850e-06;0.003504865663949009
6.99875e-06;0.0034950123981081103
6.99900e-06;0.0034851591322672113
6.99925e-06;0.003475305866426279
6.99950e-06;0.003460020626611299
6.99975e-06;0.003443004354240285
