Time(s);Current(A)
4.50000e-06;-0.010557853841788948
4.50025e-06;-0.010576469690532015
4.50050e-06;-0.010595085539275018
4.50075e-06;-0.010613701388018022
4.50100e-06;-0.010632317236761089
4.50125e-06;-0.010663258892111208
4.50150e-06;-0.010696775615487254
4.50175e-06;-0.010730292338863412
4.50200e-06;-0.010763809062239458
4.50225e-06;-0.010797325785615503
4.50250e-06;-0.010830842508991662
4.50275e-06;-0.01086764424302398
4.50300e-06;-0.010911201135470089
4.50325e-06;-0.010954758027916347
4.50350e-06;-0.010998314920362455
4.50375e-06;-0.011041871812808565
4.50400e-06;-0.011085428705254821
4.50425e-06;-0.011128985597700931
4.50450e-06;-0.011172862355347986
4.50475e-06;-0.011217396870405278
4.50500e-06;-0.01126193138546257
4.50525e-06;-0.011306465900520011
4.50550e-06;-0.011351000415577302
4.50575e-06;-0.011395534930634594
4.50600e-06;-0.011440069445692036
4.50625e-06;-0.01148076344532458
4.50650e-06;-0.011513559969789665
4.50675e-06;-0.01154635649425486
4.50700e-06;-0.011579153018719944
4.50725e-06;-0.011611949543185028
4.50750e-06;-0.011644746067650223
4.50775e-06;-0.011677542592115307
4.50800e-06;-0.011710339116580391
4.50825e-06;-0.011737817348828266
4.50850e-06;-0.011754359267567942
4.50875e-06;-0.011770901186307674
4.50900e-06;-0.011787443105047351
4.50925e-06;-0.011803985023787027
4.50950e-06;-0.011820526942526761
4.50975e-06;-0.011837068861266438
4.51000e-06;-0.011853610780006114
4.51025e-06;-0.011865456087685685
4.51050e-06;-0.011867643480967457
4.51075e-06;-0.011869830874249228
4.51100e-06;-0.011872018267531006
4.51125e-06;-0.011874205660812778
4.51150e-06;-0.011876393054094549
4.51175e-06;-0.011878580447376327
4.51200e-06;-0.011880767840658099
4.51225e-06;-0.01188295523393987
4.51250e-06;-0.011885142627221647
4.51275e-06;-0.01188733002050342
4.51300e-06;-0.011889517413785198
4.51325e-06;-0.0118840749860493
4.51350e-06;-0.011877038560552078
4.51375e-06;-0.011870002135054835
4.51400e-06;-0.011862965709557615
4.51425e-06;-0.011855929284060396
4.51450e-06;-0.011848892858563151
4.51475e-06;-0.011841856433065932
4.51500e-06;-0.011834820007568712
4.51525e-06;-0.011827783582071469
4.51550e-06;-0.011820747156574248
4.51575e-06;-0.011813710731077029
4.51600e-06;-0.011806874332050266
4.51625e-06;-0.011800449259084852
4.51650e-06;-0.011794024186119438
4.51675e-06;-0.011787599113154003
4.51700e-06;-0.011781174040188589
4.51725e-06;-0.011774748967223154
4.51750e-06;-0.01176832389425774
4.51775e-06;-0.011761898821292327
4.51800e-06;-0.01175547374832689
4.51825e-06;-0.011749048675361478
4.51850e-06;-0.011742623602396064
4.51875e-06;-0.011736198529430628
4.51900e-06;-0.011736325418557611
4.51925e-06;-0.011737821122612443
4.51950e-06;-0.011739316826667281
4.51975e-06;-0.011740812530722115
4.52000e-06;-0.011742308234776948
4.52025e-06;-0.011743803938831785
4.52050e-06;-0.011745299642886618
4.52075e-06;-0.01174679534694145
4.52100e-06;-0.011748291050996288
4.52125e-06;-0.01174978675505112
4.52150e-06;-0.011751282459105958
4.52175e-06;-0.011755211417698558
4.52200e-06;-0.011764144019072487
4.52225e-06;-0.011773076620446446
4.52250e-06;-0.011782009221820376
4.52275e-06;-0.011790941823194305
4.52300e-06;-0.011799874424568264
4.52325e-06;-0.011808807025942194
4.52350e-06;-0.011817739627316123
4.52375e-06;-0.011826672228690082
4.52400e-06;-0.011835604830064012
4.52425e-06;-0.011844537431437941
4.52450e-06;-0.0118534700328119
4.52475e-06;-0.01186240263418583
4.52500e-06;-0.01187110259627715
4.52525e-06;-0.011879324168685488
4.52550e-06;-0.011887545741093797
4.52575e-06;-0.011895767313502134
4.52600e-06;-0.011903988885910443
4.52625e-06;-0.011912210458318752
4.52650e-06;-0.01192043203072709
4.52675e-06;-0.011928653603135398
4.52700e-06;-0.011936875175543708
4.52725e-06;-0.011945096747952046
4.52750e-06;-0.011953318320360356
4.52775e-06;-0.011961539892768665
4.52800e-06;-0.011969761465177002
4.52825e-06;-0.011976973579211113
4.52850e-06;-0.011982109885298289
4.52875e-06;-0.011987246191385482
4.52900e-06;-0.011992382497472658
4.52925e-06;-0.011997518803559834
4.52950e-06;-0.012002655109647027
4.52975e-06;-0.012007791415734203
4.53000e-06;-0.012012927721821397
4.53025e-06;-0.012018064027908573
4.53050e-06;-0.012023200333995749
4.53075e-06;-0.012028336640082942
4.53100e-06;-0.012033472946170118
4.53125e-06;-0.012038609252257294
4.53150e-06;-0.012043745558344487
4.53175e-06;-0.012048881864431664
4.53200e-06;-0.012054023960131213
4.53225e-06;-0.012059177961347325
4.53250e-06;-0.012064331962563419
4.53275e-06;-0.012069485963779512
4.53300e-06;-0.012074639964995623
4.53325e-06;-0.012079793966211717
4.53350e-06;-0.01208494796742781
4.53375e-06;-0.012090101968643921
4.53400e-06;-0.012095255969860016
4.53425e-06;-0.012100409971076127
4.53450e-06;-0.01210556397229222
4.53475e-06;-0.012110717973508314
4.53500e-06;-0.012115871974724425
4.53525e-06;-0.012121025975940518
4.53550e-06;-0.012126179977156613
4.53575e-06;-0.012130968222150288
4.53600e-06;-0.012135004341358028
4.53625e-06;-0.012139040460565768
4.53650e-06;-0.01214307657977352
4.53675e-06;-0.012146676497396326
4.53700e-06;-0.012149379428338504
4.53725e-06;-0.012152082359280692
4.53750e-06;-0.01215478529022287
4.53775e-06;-0.012155412619735819
4.53800e-06;-0.012151771769350776
4.53825e-06;-0.012148130918965746
4.53850e-06;-0.012140923565785904
4.53875e-06;-0.012126382205546717
4.53900e-06;-0.01211184084530753
4.53925e-06;-0.012093846198438247
4.53950e-06;-0.012068750357491925
4.53975e-06;-0.012043654516545602
4.54000e-06;-0.012018558988277014
4.54025e-06;-0.01199346352122025
4.54050e-06;-0.01196193578275295
4.54075e-06;-0.011918216619050813
4.54100e-06;-0.011873237301312768
4.54125e-06;-0.011813815807214505
4.54150e-06;-0.011759509636435702
4.54175e-06;-0.011702201569264709
4.54200e-06;-0.01163689030439854
4.54225e-06;-0.01157157903953215
4.54250e-06;-0.011506267774665981
4.54275e-06;-0.01144095650979959
4.54300e-06;-0.011374360116272162
4.54325e-06;-0.011302301076524475
4.54350e-06;-0.011230242036776545
4.54375e-06;-0.01115818299702886
4.54400e-06;-0.011086123957281173
4.54425e-06;-0.01101528354025427
4.54450e-06;-0.010946758033814251
4.54475e-06;-0.010869659061985996
4.54500e-06;-0.010785882161153676
4.54525e-06;-0.010701646911957859
4.54550e-06;-0.010621635990343154
4.54575e-06;-0.010545597766314951
4.54600e-06;-0.010472419837278637
4.54625e-06;-0.01040112278523015
4.54650e-06;-0.010332310407887122
4.54675e-06;-0.010265676774698954
4.54700e-06;-0.010199782064599941
4.54725e-06;-0.010137141777034115
4.54750e-06;-0.010080892035051338
4.54775e-06;-0.010031011346638828
4.54800e-06;-0.009986781460631042
4.54825e-06;-0.009947431109879072
4.54850e-06;-0.00991479278863212
4.54875e-06;-0.009884102915830816
4.54900e-06;-0.00985951509847544
4.54925e-06;-0.009837092576168922
4.54950e-06;-0.009826484179460224
4.54975e-06;-0.009820067987802841
4.55000e-06;-0.009813651796145434
4.55025e-06;-0.009822189409577534
4.55050e-06;-0.009836033333384678
4.55075e-06;-0.009849877257191868
4.55100e-06;-0.009863721180999013
4.55125e-06;-0.009877565104806203
4.55150e-06;-0.009908046323687317
4.55175e-06;-0.009944431234032394
4.55200e-06;-0.009980816144377595
4.55225e-06;-0.010017201054722672
4.55250e-06;-0.01005358596506775
4.55275e-06;-0.010102511583483256
4.55300e-06;-0.01015588723243876
4.55325e-06;-0.010209262881394265
4.55350e-06;-0.010262638530349949
4.55375e-06;-0.010316014179305454
4.55400e-06;-0.010369389828260958
4.55425e-06;-0.010428581001164339
4.55450e-06;-0.010489835794321518
4.55475e-06;-0.010551090587478698
4.55500e-06;-0.010612345380636086
4.55525e-06;-0.010673600173793266
4.55550e-06;-0.010734854966950653
4.55575e-06;-0.010794393435286391
4.55600e-06;-0.010853322871195186
4.55625e-06;-0.01091225230710418
4.55650e-06;-0.010966099102710004
4.55675e-06;-0.011018142339502091
4.55700e-06;-0.011070185576294356
4.55725e-06;-0.011108183883725883
4.55750e-06;-0.011141198392457101
4.55775e-06;-0.011174212901188432
4.55800e-06;-0.01120722740991965
4.55825e-06;-0.011240241918650869
4.55850e-06;-0.011273256427382198
4.55875e-06;-0.011306270936113418
4.55900e-06;-0.011339285444844636
4.55925e-06;-0.011366226591074497
4.55950e-06;-0.01137373250318909
4.55975e-06;-0.01138123841530371
4.56000e-06;-0.011388744327418304
4.56025e-06;-0.011396250239532897
4.56050e-06;-0.011403756151647515
4.56075e-06;-0.011411262063762109
4.56100e-06;-0.011418767975876702
4.56125e-06;-0.011426273887991322
4.56150e-06;-0.011419425732526564
4.56175e-06;-0.0114074840816442
4.56200e-06;-0.011395542430761798
4.56225e-06;-0.011383600779879434
4.56250e-06;-0.011371659128997071
4.56275e-06;-0.011359717478114666
4.56300e-06;-0.011347775827232303
4.56325e-06;-0.01133583417634994
4.56350e-06;-0.011316492056144536
4.56375e-06;-0.011294523902839184
4.56400e-06;-0.011272555749533758
4.56425e-06;-0.011250587596228406
4.56450e-06;-0.011228619442923055
4.56475e-06;-0.011206651289617628
4.56500e-06;-0.011184683136312277
4.56525e-06;-0.011162714983006925
4.56550e-06;-0.011141047673622532
4.56575e-06;-0.011119487117750734
4.56600e-06;-0.011097926561878933
4.56625e-06;-0.01107636600600706
4.56650e-06;-0.011054805450135262
4.56675e-06;-0.011033244894263461
4.56700e-06;-0.01101168433839159
4.56725e-06;-0.01099012378251979
4.56750e-06;-0.01097110360306268
4.56775e-06;-0.010960212826442455
4.56800e-06;-0.010949322049822265
4.56825e-06;-0.01093843127320204
4.56850e-06;-0.01092754049658185
4.56875e-06;-0.01091664971996166
4.56900e-06;-0.010905758943341434
4.56925e-06;-0.010894868166721245
4.56950e-06;-0.010883977390101055
4.56975e-06;-0.010883450242867283
4.57000e-06;-0.01088660059669635
4.57025e-06;-0.010889750950525415
4.57050e-06;-0.010892901304354491
4.57075e-06;-0.010896051658183558
4.57100e-06;-0.010899202012012624
4.57125e-06;-0.010902352365841701
4.57150e-06;-0.010905502719670767
4.57175e-06;-0.010908653073499832
4.57200e-06;-0.010919782697535163
4.57225e-06;-0.01093374374033008
4.57250e-06;-0.010947704783125043
4.57275e-06;-0.010961665825919958
4.57300e-06;-0.010975626868714875
4.57325e-06;-0.010989587911509838
4.57350e-06;-0.011003548954304755
4.57375e-06;-0.011017509997099672
4.57400e-06;-0.011031471039894635
4.57425e-06;-0.01104800371136872
4.57450e-06;-0.011065448917134329
4.57475e-06;-0.011082894122899997
4.57500e-06;-0.011100339328665606
4.57525e-06;-0.011117784534431213
4.57550e-06;-0.011135229740196881
4.57575e-06;-0.01115267494596249
4.57600e-06;-0.011170120151728097
4.57625e-06;-0.011186384686765678
4.57650e-06;-0.01119887098330723
4.57675e-06;-0.011211357279848826
4.57700e-06;-0.011223843576390379
4.57725e-06;-0.011236329872931933
4.57750e-06;-0.011248816169473527
4.57775e-06;-0.011261302466015082
4.57800e-06;-0.011273788762556634
4.57825e-06;-0.01128627505909823
4.57850e-06;-0.01129209193819232
4.57875e-06;-0.01129554219562989
4.57900e-06;-0.01129899245306747
4.57925e-06;-0.01130244271050504
4.57950e-06;-0.01130589296794261
4.57975e-06;-0.01130934322538019
4.58000e-06;-0.01131279348281776
4.58025e-06;-0.01131624374025533
4.58050e-06;-0.01131969399769291
4.58075e-06;-0.01132314425513048
4.58100e-06;-0.011326594512568062
4.58125e-06;-0.01133004477000563
4.58150e-06;-0.0113334950274432
4.58175e-06;-0.011336945284880781
4.58200e-06;-0.01134039554231835
4.58225e-06;-0.01134384579975592
4.58250e-06;-0.011347296057193501
4.58275e-06;-0.011349364447679797
4.58300e-06;-0.011347010756050794
4.58325e-06;-0.011344657064421785
4.58350e-06;-0.011342303372792784
4.58375e-06;-0.011339949681163784
4.58400e-06;-0.011337595989534774
4.58425e-06;-0.011335242297905772
4.58450e-06;-0.011332888606276771
4.58475e-06;-0.011330534914647762
4.58500e-06;-0.011328181223018761
4.58525e-06;-0.011325827531389752
4.58550e-06;-0.01132347383976075
4.58575e-06;-0.011321120148131749
4.58600e-06;-0.01131876645650274
4.58625e-06;-0.011316412764873739
4.58650e-06;-0.011314059073244736
4.58675e-06;-0.011311705381615727
4.58700e-06;-0.011309351689986726
4.58725e-06;-0.011306422133384763
4.58750e-06;-0.011303288232921172
4.58775e-06;-0.01130015433245759
4.58800e-06;-0.011292672852103645
4.58825e-06;-0.011283648646796448
4.58850e-06;-0.011274624441489283
4.58875e-06;-0.011259217492141507
4.58900e-06;-0.011241545646288119
4.58925e-06;-0.01122387380043479
4.58950e-06;-0.011197041841176298
4.58975e-06;-0.011166959444690719
4.59000e-06;-0.01113687704820514
4.59025e-06;-0.011106794651719458
4.59050e-06;-0.011076712255233878
4.59075e-06;-0.011042557151969026
4.59100e-06;-0.010995369069089612
4.59125e-06;-0.010948180986210356
4.59150e-06;-0.010900992903331103
4.59175e-06;-0.010853804820451689
4.59200e-06;-0.010806616737572433
4.59225e-06;-0.010749707859834482
4.59250e-06;-0.010689349588831507
4.59275e-06;-0.010628991317828738
4.59300e-06;-0.01056863304682597
4.59325e-06;-0.010508274775822994
4.59350e-06;-0.010442989354539953
4.59375e-06;-0.010375955549586627
4.59400e-06;-0.010308921744633529
4.59425e-06;-0.01024188793968043
4.59450e-06;-0.010174854134727105
4.59475e-06;-0.010106865873990612
4.59500e-06;-0.01003853892764266
4.59525e-06;-0.009970878416211297
4.59550e-06;-0.009904285454468633
4.59575e-06;-0.00983902399450891
4.59600e-06;-0.009775294138109193
4.59625e-06;-0.009713341044413664
4.59650e-06;-0.00965353127697975
4.59675e-06;-0.009596285926533431
4.59700e-06;-0.009542029964456245
4.59725e-06;-0.00949119057952262
4.59750e-06;-0.009444198929719268
4.59775e-06;-0.009401527017958041
4.59800e-06;-0.009363634185997779
4.59825e-06;-0.009330810785694683
4.59850e-06;-0.009303173720906678
4.59875e-06;-0.009282739991859303
4.59900e-06;-0.009264378501639471
4.59925e-06;-0.009253930367544055
4.59950e-06;-0.00924629026280317
4.59975e-06;-0.009248804783961239
4.60000e-06;-0.009254922641953888
4.60025e-06;-0.009261040499946558
4.60050e-06;-0.009282511176189553
4.60075e-06;-0.009309429751357208
4.60100e-06;-0.009336348326524956
4.60125e-06;-0.009363266901692611
4.60150e-06;-0.009390185476860267
4.60175e-06;-0.009433282575922769
4.60200e-06;-0.00948212057294206
4.60225e-06;-0.009530958569961516
4.60250e-06;-0.009579796566980808
4.60275e-06;-0.009628634564000097
4.60300e-06;-0.009689308064781207
4.60325e-06;-0.009754181356581628
4.60350e-06;-0.009819054648382047
4.60375e-06;-0.009883927940182686
4.60400e-06;-0.009948801231983105
4.60425e-06;-0.010013674523783525
4.60450e-06;-0.010082419141400846
4.60475e-06;-0.010152537486721071
4.60500e-06;-0.010222655832041296
4.60525e-06;-0.010292774177361758
4.60550e-06;-0.010362892522681983
4.60575e-06;-0.010433010868002208
4.60600e-06;-0.010499177117931191
4.60625e-06;-0.010563940979329093
4.60650e-06;-0.010628704840727215
4.60675e-06;-0.010686801603353871
4.60700e-06;-0.010742532567100577
4.60725e-06;-0.010798263530847474
4.60750e-06;-0.010844714356870861
4.60775e-06;-0.010887872155419401
4.60800e-06;-0.010931029953968087
4.60825e-06;-0.010958970830097963
4.60850e-06;-0.010981512029509628
4.60875e-06;-0.011004053228921368
4.60900e-06;-0.011026594428333033
4.60925e-06;-0.011049135627744698
4.60950e-06;-0.011071676827156438
4.60975e-06;-0.011094218026568103
4.61000e-06;-0.011095839955215948
4.61025e-06;-0.011090038746898649
4.61050e-06;-0.011084237538581369
4.61075e-06;-0.011078436330264068
4.61100e-06;-0.011072635121946789
4.61125e-06;-0.011066833913629509
4.61150e-06;-0.01106103270531221
4.61175e-06;-0.011039096247613045
4.61200e-06;-0.011011434247782219
4.61225e-06;-0.010983772247951301
4.61250e-06;-0.010956110248120475
4.61275e-06;-0.01092844824828965
4.61300e-06;-0.01090078624845873
4.61325e-06;-0.010870205203610232
4.61350e-06;-0.010830282986846358
4.61375e-06;-0.01079036077008235
4.61400e-06;-0.010750438553318475
4.61425e-06;-0.010710516336554602
4.61450e-06;-0.010670594119790593
4.61475e-06;-0.010630671903026719
4.61500e-06;-0.010588667197222176
4.61525e-06;-0.01054592352677848
4.61550e-06;-0.010503179856334787
4.61575e-06;-0.010461138136507403
4.61600e-06;-0.01041934550163282
4.61625e-06;-0.010379238716818806
4.61650e-06;-0.010339730150558333
4.61675e-06;-0.010310581485213063
4.61700e-06;-0.010285108997890077
4.61725e-06;-0.010259636510567004
4.61750e-06;-0.010234164023244018
4.61775e-06;-0.010208691535921032
4.61800e-06;-0.01018321904859796
4.61825e-06;-0.010157746561274973
4.61850e-06;-0.010132274073951987
4.61875e-06;-0.010106801586628916
4.61900e-06;-0.01008132909930593
4.61925e-06;-0.010055856611982857
4.61950e-06;-0.01003038412465987
4.61975e-06;-0.010004911637336885
4.62000e-06;-0.009979439150013812
4.62025e-06;-0.009953966662690826
4.62050e-06;-0.00992849417536784
4.62075e-06;-0.009912353581308474
4.62100e-06;-0.009899524380012502
4.62125e-06;-0.00988669517871653
4.62150e-06;-0.009873865977420515
4.62175e-06;-0.009861036776124543
4.62200e-06;-0.009848207574828571
4.62225e-06;-0.009835378373532556
4.62250e-06;-0.009822549172236584
4.62275e-06;-0.009809719970940612
4.62300e-06;-0.009796890769644597
4.62325e-06;-0.009784061568348625
4.62350e-06;-0.00977123236705261
4.62375e-06;-0.009758403165756638
4.62400e-06;-0.009745573964460666
4.62425e-06;-0.009732744763164651
4.62450e-06;-0.00971991556186868
4.62475e-06;-0.009710443865870888
4.62500e-06;-0.009702163569992211
4.62525e-06;-0.009693883274113562
4.62550e-06;-0.009685602978234915
4.62575e-06;-0.009677322682356238
4.62600e-06;-0.009669042386477589
4.62625e-06;-0.00966076209059894
4.62650e-06;-0.009652481794720263
4.62675e-06;-0.009644201498841614
4.62700e-06;-0.009635921202962966
4.62725e-06;-0.009628988143591507
4.62750e-06;-0.009622533146826847
4.62775e-06;-0.009616078150062187
4.62800e-06;-0.009607768546380575
4.62825e-06;-0.009598800841309603
4.62850e-06;-0.009589833136238601
4.62875e-06;-0.009577791375521762
4.62900e-06;-0.009564658795897109
4.62925e-06;-0.009551526216272413
4.62950e-06;-0.00953370831391021
4.62975e-06;-0.009514227839616978
4.63000e-06;-0.00949474736532368
4.63025e-06;-0.009475266891030449
4.63050e-06;-0.009455786416737217
4.63075e-06;-0.009436305942443919
4.63100e-06;-0.009410047468742399
4.63125e-06;-0.0093813838434226
4.63150e-06;-0.009352720218102704
4.63175e-06;-0.009324056592782905
4.63200e-06;-0.009295392967463106
4.63225e-06;-0.009266729342143211
4.63250e-06;-0.009233118348631065
4.63275e-06;-0.009197751797188377
4.63300e-06;-0.009162385245745808
4.63325e-06;-0.009127018694303239
4.63350e-06;-0.00909165214286055
4.63375e-06;-0.00905568459714946
4.63400e-06;-0.009017793822866904
4.63425e-06;-0.008979903048584223
4.63450e-06;-0.008942012274301669
4.63475e-06;-0.008904121500019116
4.63500e-06;-0.008866230725736434
4.63525e-06;-0.008828868500052314
4.63550e-06;-0.008791693828163962
4.63575e-06;-0.008755676051546557
4.63600e-06;-0.008720068795551284
4.63625e-06;-0.008685529072744348
4.63650e-06;-0.00865227277994485
4.63675e-06;-0.008620413270412129
4.63700e-06;-0.00859018313086768
4.63725e-06;-0.008561813129753461
4.63750e-06;-0.008535540865152293
4.63775e-06;-0.008511632052111896
4.63800e-06;-0.008491408341961207
4.63825e-06;-0.00847226593776256
4.63850e-06;-0.00845738026200487
4.63875e-06;-0.00844400507284953
4.63900e-06;-0.008434966006908717
4.63925e-06;-0.008427465600554025
4.63950e-06;-0.008425523401178692
4.63975e-06;-0.008425553513941938
4.64000e-06;-0.008425583626705185
4.64025e-06;-0.008434867172720503
4.64050e-06;-0.008447434270210991
4.64075e-06;-0.00846000136770152
4.64100e-06;-0.00847256846519201
4.64125e-06;-0.008485135562682539
4.64150e-06;-0.00850095940646799
4.64175e-06;-0.008527205092608908
4.64200e-06;-0.008553450778749918
4.64225e-06;-0.008579696464890835
4.64250e-06;-0.008605942151031755
4.64275e-06;-0.008632187837172763
4.64300e-06;-0.008665419857191152
4.64325e-06;-0.008701130955653495
4.64350e-06;-0.00873684205411596
4.64375e-06;-0.008772553152578303
4.64400e-06;-0.008808264251040646
4.64425e-06;-0.008843975349503111
4.64450e-06;-0.008881816244270702
4.64475e-06;-0.008920412890510062
4.64500e-06;-0.008959009536749553
4.64525e-06;-0.008997606182988914
4.64550e-06;-0.009036202829228405
4.64575e-06;-0.009074799475467764
4.64600e-06;-0.009111172266081435
4.64625e-06;-0.009146755928571606
4.64650e-06;-0.009182339591061657
4.64675e-06;-0.009211107065218486
4.64700e-06;-0.009237455836539024
4.64725e-06;-0.009263804607859473
4.64750e-06;-0.009290153379179922
4.64775e-06;-0.00931650215050046
4.64800e-06;-0.00934285092182091
4.64825e-06;-0.009369199693141358
4.64850e-06;-0.009395548464461896
4.64875e-06;-0.009421897235782345
4.64900e-06;-0.009445547348581891
4.64925e-06;-0.009468239850954763
4.64950e-06;-0.009490932353327557
4.64975e-06;-0.009513624855700429
4.65000e-06;-0.009536317358073225
4.65025e-06;-0.009559009860446019
4.65050e-06;-0.00958170236281889
4.65075e-06;-0.009604394865191684
4.65100e-06;-0.00962708736756448
4.65125e-06;-0.009651184153059822
4.65150e-06;-0.00967577924397227
4.65175e-06;-0.009700374334884717
4.65200e-06;-0.009724969425797248
4.65225e-06;-0.009749564516709696
4.65250e-06;-0.009774159607622145
4.65275e-06;-0.009798754698534676
4.65300e-06;-0.009823349789447124
4.65325e-06;-0.009847944880359573
4.65350e-06;-0.009872576403505837
4.65375e-06;-0.00989722085451474
4.65400e-06;-0.009921865305523726
4.65425e-06;-0.00994650975653263
4.65450e-06;-0.009971154207541532
4.65475e-06;-0.009995798658550518
4.65500e-06;-0.010020443109559421
4.65525e-06;-0.010045087560568324
4.65550e-06;-0.01006973201157731
4.65575e-06;-0.01008967823199147
4.65600e-06;-0.010107957300163449
4.65625e-06;-0.010126236368335489
4.65650e-06;-0.010144515436507467
4.65675e-06;-0.010162794504679445
4.65700e-06;-0.010181073572851486
4.65725e-06;-0.010199352641023464
4.65750e-06;-0.010217631709195442
4.65775e-06;-0.010235910777367482
4.65800e-06;-0.01024089345502757
4.65825e-06;-0.010241157950638761
4.65850e-06;-0.010241422446249952
4.65875e-06;-0.010241686941861143
4.65900e-06;-0.010241951437472335
4.65925e-06;-0.010242215933083526
4.65950e-06;-0.010242480428694717
4.65975e-06;-0.01024274492430591
4.66000e-06;-0.0102430094199171
4.66025e-06;-0.010227841453976743
4.66050e-06;-0.010207197327946563
4.66075e-06;-0.010186553201916455
4.66100e-06;-0.010165909075886345
4.66125e-06;-0.010145264949856165
4.66150e-06;-0.010124620823826055
4.66175e-06;-0.010100613150664649
4.66200e-06;-0.010065841864140262
4.66225e-06;-0.010031070577615995
4.66250e-06;-0.00999629929109161
4.66275e-06;-0.00996152800456734
4.66300e-06;-0.009926756718043071
4.66325e-06;-0.009891985431518686
4.66350e-06;-0.009852334781394112
4.66375e-06;-0.009810952704554506
4.66400e-06;-0.00976957062771476
4.66425e-06;-0.009726742718202981
4.66450e-06;-0.009683401759548101
4.66475e-06;-0.009640060800893073
4.66500e-06;-0.009596805996451305
4.66525e-06;-0.00955358176355911
4.66550e-06;-0.009510357530666768
4.66575e-06;-0.009468359047676294
4.66600e-06;-0.009426795518155067
4.66625e-06;-0.009386973861846695
4.66650e-06;-0.009347770303729543
4.66675e-06;-0.00931188975485609
4.66700e-06;-0.009277188365285058
4.66725e-06;-0.009242486975714028
4.66750e-06;-0.009211787861782405
4.66775e-06;-0.009182508942681643
4.66800e-06;-0.009153312855357587
4.66825e-06;-0.009124146160626968
4.66850e-06;-0.009093227854507743
4.66875e-06;-0.009061687994636674
4.66900e-06;-0.009030148134765497
4.66925e-06;-0.00899787963021968
4.66950e-06;-0.008965352568419517
4.66975e-06;-0.008932825506619245
4.67000e-06;-0.008897697320810352
4.67025e-06;-0.008861646134387844
4.67050e-06;-0.008825594947965214
4.67075e-06;-0.008784125058702552
4.67100e-06;-0.00874073235990449
4.67125e-06;-0.008697339661106574
4.67150e-06;-0.008653946962308659
4.67175e-06;-0.008610554263510598
4.67200e-06;-0.008567161564712683
4.67225e-06;-0.008523768865914768
4.67250e-06;-0.008480376167116707
4.67275e-06;-0.008436983468318792
4.67300e-06;-0.008389640659951753
4.67325e-06;-0.008340896167718789
4.67350e-06;-0.008291879808534224
4.67375e-06;-0.008242766978223164
4.67400e-06;-0.008193400153376723
4.67425e-06;-0.008143705358754087
4.67450e-06;-0.008093869112888055
4.67475e-06;-0.0080441762228525
4.67500e-06;-0.007994924268392944
4.67525e-06;-0.007946411716211625
4.67550e-06;-0.007898925835044507
4.67575e-06;-0.007852639762852252
4.67600e-06;-0.007807576594882646
4.67625e-06;-0.007763803208467966
4.67650e-06;-0.0077215428209119795
4.67675e-06;-0.007681086337337048
4.67700e-06;-0.00764273305599022
4.67725e-06;-0.0076067830844797285
4.67750e-06;-0.007573575268771426
4.67775e-06;-0.00754384637141589
4.67800e-06;-0.007518799803332586
4.67825e-06;-0.007499323804931841
4.67850e-06;-0.0074856421073518625
4.67875e-06;-0.007477702568182182
4.67900e-06;-0.007475419162045615
4.67925e-06;-0.007478706085304352
4.67950e-06;-0.007487501715303822
4.67975e-06;-0.007501994244280667
4.68000e-06;-0.00752506513538679
4.68025e-06;-0.007550643909898691
4.68050e-06;-0.007587544287462155
4.68075e-06;-0.007628462099998315
4.68100e-06;-0.007669379912534614
4.68125e-06;-0.007724823989890325
4.68150e-06;-0.007785422666293665
4.68175e-06;-0.00784602134269721
4.68200e-06;-0.007906620019100552
4.68225e-06;-0.00797187428560643
4.68250e-06;-0.00805202680382615
4.68275e-06;-0.008132179322045598
4.68300e-06;-0.008212331840265047
4.68325e-06;-0.008292484358484765
4.68350e-06;-0.008380287111144802
4.68375e-06;-0.008470804525257994
4.68400e-06;-0.00856132193937088
4.68425e-06;-0.008654983753129212
4.68450e-06;-0.008749761347139569
4.68475e-06;-0.008844538941149603
4.68500e-06;-0.008939348728422787
4.68525e-06;-0.009034169939373721
4.68550e-06;-0.009127082926157059
4.68575e-06;-0.00921931878564054
4.68600e-06;-0.009308253403566918
4.68625e-06;-0.009396016586385808
4.68650e-06;-0.009478852825141652
4.68675e-06;-0.009559940753407261
4.68700e-06;-0.009634240944086162
4.68725e-06;-0.009706132527588455
4.68750e-06;-0.009769422666924764
4.68775e-06;-0.009829660611050893
4.68800e-06;-0.009880143309042359
4.68825e-06;-0.009927164388850832
4.68850e-06;-0.00996139626524786
4.68875e-06;-0.009991089933335284
4.68900e-06;-0.010020783601422608
4.68925e-06;-0.010034427381178513
4.68950e-06;-0.010042375908912025
4.68975e-06;-0.010050324436645509
4.69000e-06;-0.01004218251940994
4.69025e-06;-0.010028330958757638
4.69050e-06;-0.010014479398105382
4.69075e-06;-0.009982234600351234
4.69100e-06;-0.009943463020688159
4.69125e-06;-0.009904691441025215
4.69150e-06;-0.00986591986136227
4.69175e-06;-0.0098211067221115
4.69200e-06;-0.009756960120619973
4.69225e-06;-0.009692813519128226
4.69250e-06;-0.009628666917636699
4.69275e-06;-0.009564520316145169
4.69300e-06;-0.00949000351227092
4.69325e-06;-0.009411806874938481
4.69350e-06;-0.009329929894597357
4.69375e-06;-0.009244704688908614
4.69400e-06;-0.009157068597380762
4.69425e-06;-0.009067531541132637
4.69450e-06;-0.00897661663516375
4.69475e-06;-0.008884843402279767
4.69500e-06;-0.008792731720033779
4.69525e-06;-0.008700802197744686
4.69550e-06;-0.008609577506934233
4.69575e-06;-0.008519590674497955
4.69600e-06;-0.008431406325664635
4.69625e-06;-0.00834561695887997
4.69650e-06;-0.00826282210195949
4.69675e-06;-0.00818361946443991
4.69700e-06;-0.008108608773693814
4.69725e-06;-0.008038386608377773
4.69750e-06;-0.007973542584412362
4.69775e-06;-0.007914539946826674
4.69800e-06;-0.007861589508386196
4.69825e-06;-0.007814763901550238
4.69850e-06;-0.007774158320518365
4.69875e-06;-0.007739898493751507
4.69900e-06;-0.007712116646872911
4.69925e-06;-0.007690944462248375
4.69950e-06;-0.007676507757155782
4.69975e-06;-0.007668852721225718
4.70000e-06;-0.007670237875884266
4.70025e-06;-0.007674200187777981
4.70050e-06;-0.007689591566357657
4.70075e-06;-0.007709038513038269
4.70100e-06;-0.0077284854597188144
4.70125e-06;-0.007763538310298563
4.70150e-06;-0.007804128866430154
4.70175e-06;-0.007844719422561607
4.70200e-06;-0.00788530997869306
4.70225e-06;-0.007930697249706143
4.70250e-06;-0.007991434382732289
4.70275e-06;-0.008052171515758435
4.70300e-06;-0.008112908648784787
4.70325e-06;-0.008173645781810932
4.70350e-06;-0.0082428865189802
4.70375e-06;-0.008315144733136277
4.70400e-06;-0.008387402947292111
4.70425e-06;-0.008463211127469453
4.70450e-06;-0.008540279001841719
4.70475e-06;-0.008617346876213725
4.70500e-06;-0.008695100776421433
4.70525e-06;-0.008773098110722905
4.70550e-06;-0.008850055407861027
4.70575e-06;-0.008926643651107366
4.70600e-06;-0.009000699166707456
4.70625e-06;-0.009073855951927364
4.70650e-06;-0.009141545037916265
4.70675e-06;-0.009207293928157253
4.70700e-06;-0.009273042818398239
4.70725e-06;-0.009321508623563832
4.70750e-06;-0.00936384158075212
4.70775e-06;-0.009406174537940407
4.70800e-06;-0.009448507495128839
4.70825e-06;-0.009490840452317129
4.70850e-06;-0.009533173409505416
4.70875e-06;-0.009575506366693848
4.70900e-06;-0.009617839323882136
4.70925e-06;-0.009660172281070568
4.70950e-06;-0.009681347199415883
4.70975e-06;-0.00969501425471808
4.71000e-06;-0.009708681310020322
4.71025e-06;-0.009722348365322517
4.71050e-06;-0.009736015420624715
4.71075e-06;-0.009749682475926957
4.71100e-06;-0.009763349531229152
4.71125e-06;-0.009777016586531349
4.71150e-06;-0.009790683641833591
4.71175e-06;-0.009789480235538967
4.71200e-06;-0.009783000093064794
4.71225e-06;-0.009776519950590598
4.71250e-06;-0.009770039808116424
4.71275e-06;-0.009763559665642251
4.71300e-06;-0.009757079523168056
4.71325e-06;-0.009750599380693883
4.71350e-06;-0.009744119238219688
4.71375e-06;-0.009735387580478247
4.71400e-06;-0.009719450898148786
4.71425e-06;-0.009703514215819269
4.71450e-06;-0.009687577533489807
4.71475e-06;-0.009671640851160346
4.71500e-06;-0.00965570416883083
4.71525e-06;-0.00963976748650137
4.71550e-06;-0.009623830804171908
4.71575e-06;-0.009607894121842393
4.71600e-06;-0.009592728879931955
4.71625e-06;-0.00957783738120982
4.71650e-06;-0.009562945882487633
4.71675e-06;-0.009548054383765497
4.71700e-06;-0.009533162885043361
4.71725e-06;-0.009518271386321175
4.71750e-06;-0.009503379887599039
4.71775e-06;-0.009488488388876852
4.71800e-06;-0.009479450708052386
4.71825e-06;-0.009472490235960354
4.71850e-06;-0.009465529763868297
4.71875e-06;-0.009458569291776265
4.71900e-06;-0.009451608819684232
4.71925e-06;-0.009444648347592175
4.71950e-06;-0.009437687875500143
4.71975e-06;-0.00943072740340811
4.72000e-06;-0.009431057949280171
4.72025e-06;-0.009433975689774185
4.72050e-06;-0.009436893430268196
4.72075e-06;-0.00943981117076222
4.72100e-06;-0.009442728911256233
4.72125e-06;-0.009445646651750246
4.72150e-06;-0.009448564392244268
4.72175e-06;-0.009451482132738281
4.72200e-06;-0.009454399873232303
4.72225e-06;-0.009457317613726316
4.72250e-06;-0.009465578175669785
4.72275e-06;-0.009475734620875031
4.72300e-06;-0.009485891066080243
4.72325e-06;-0.009496047511285454
4.72350e-06;-0.0095062039564907
4.72375e-06;-0.009516360401695912
4.72400e-06;-0.009526516846901124
4.72425e-06;-0.00953667329210637
4.72450e-06;-0.009546829737311581
4.72475e-06;-0.009556986182516793
4.72500e-06;-0.009568099076968088
4.72525e-06;-0.009579551364403619
4.72550e-06;-0.009591003651839151
4.72575e-06;-0.009602455939274722
4.72600e-06;-0.009613908226710252
4.72625e-06;-0.009623946531035906
4.72650e-06;-0.009633483087935452
4.72675e-06;-0.009643019644835
4.72700e-06;-0.00965255620173458
4.72725e-06;-0.009662092758634128
4.72750e-06;-0.009668705479838348
4.72775e-06;-0.009674280687210872
4.72800e-06;-0.009679855894583379
4.72825e-06;-0.009679515790342538
4.72850e-06;-0.009677076656519613
4.72875e-06;-0.009674637522696695
4.72900e-06;-0.009666022552419048
4.72925e-06;-0.00965521610614489
4.72950e-06;-0.009644409659870767
4.72975e-06;-0.009624081131672155
4.73000e-06;-0.00960037372287541
4.73025e-06;-0.009576666314078745
4.73050e-06;-0.009552958905282
4.73075e-06;-0.009529251496485336
4.73100e-06;-0.009501787903740257
4.73125e-06;-0.009462304229192246
4.73150e-06;-0.009422820554644369
4.73175e-06;-0.009383336880096493
4.73200e-06;-0.009343853205548482
4.73225e-06;-0.009304369531000604
4.73250e-06;-0.009256369562475619
4.73275e-06;-0.00920534761401868
4.73300e-06;-0.009154325665561916
4.73325e-06;-0.009103303717105153
4.73350e-06;-0.009052281768648215
4.73375e-06;-0.008997237564105039
4.73400e-06;-0.008940766074735169
4.73425e-06;-0.008884294585365108
4.73450e-06;-0.00882782309599524
4.73475e-06;-0.008771351606625179
4.73500e-06;-0.008714542809762808
4.73525e-06;-0.008657614320405575
4.73550e-06;-0.008601495932698678
4.73575e-06;-0.00854647476494584
4.73600e-06;-0.008492694361919
4.73625e-06;-0.008440398175481294
4.73650e-06;-0.008390740940482201
4.73675e-06;-0.00834187584197599
4.73700e-06;-0.008296872216547155
4.73725e-06;-0.008253238822603846
4.73750e-06;-0.008214047411575906
4.73775e-06;-0.008176432224109633
4.73800e-06;-0.008140422804531195
4.73825e-06;-0.008104983186599352
4.73850e-06;-0.008069543568667388
4.73875e-06;-0.00803487865125329
4.73900e-06;-0.008000488633862922
4.73925e-06;-0.007966098616472671
4.73950e-06;-0.007933491028933815
4.73975e-06;-0.007901515930979434
4.74000e-06;-0.00786954083302516
4.74025e-06;-0.007836689161778751
4.74050e-06;-0.007803526441277216
4.74075e-06;-0.007770363720775793
4.74100e-06;-0.00773720100027437
4.74125e-06;-0.007704038279772835
4.74150e-06;-0.007670507524970428
4.74175e-06;-0.007636846174362557
4.74200e-06;-0.0076031848237545704
4.74225e-06;-0.007569523473146699
4.74250e-06;-0.007535862122538826
4.74275e-06;-0.007501482048738271
4.74300e-06;-0.007466846938290467
4.74325e-06;-0.007432211827842546
4.74350e-06;-0.007398063339762269
4.74375e-06;-0.0073640875280870785
4.74400e-06;-0.007330291643528478
4.74425e-06;-0.007296535546514902
4.74450e-06;-0.007262859930615982
4.74475e-06;-0.00722945546172984
4.74500e-06;-0.007196525755800228
4.74525e-06;-0.007164274994210219
4.74550e-06;-0.0071328969475549665
4.74575e-06;-0.00710247437114055
4.74600e-06;-0.007072939578446309
4.74625e-06;-0.007044265427589299
4.74650e-06;-0.007016571548463121
4.74675e-06;-0.0069900428971560276
4.74700e-06;-0.006964872723102167
4.74725e-06;-0.006941254275735945
4.74750e-06;-0.006919361213573282
4.74775e-06;-0.0068991481802587
4.74800e-06;-0.006880614520929849
4.74825e-06;-0.0068625235799178825
4.74850e-06;-0.0068459255012391805
4.74875e-06;-0.006829857160028696
4.74900e-06;-0.006815557500656928
4.74925e-06;-0.006801885452430929
4.74950e-06;-0.006790591638558482
4.74975e-06;-0.006780141733609974
