Time(s);Current(A)
2.75000e-06;0.004444109105834303
2.75025e-06;0.004484370956837008
2.75050e-06;0.00452463280783978
2.75075e-06;0.004564894658842553
2.75100e-06;0.00460269848578767
2.75125e-06;0.00463820536590547
2.75150e-06;0.004673712246023271
2.75175e-06;0.004709219126141072
2.75200e-06;0.004744726006258812
2.75225e-06;0.004780232886376613
2.75250e-06;0.004815739766494413
2.75275e-06;0.0048512466466121545
2.75300e-06;0.0048867535267299545
2.75325e-06;0.0049090375849032515
2.75350e-06;0.004918965328328209
2.75375e-06;0.0049288930717531826
2.75400e-06;0.004938820815178157
2.75425e-06;0.00494874855860313
2.75450e-06;0.004958676302028087
2.75475e-06;0.004968604045453061
2.75500e-06;0.0049785317888780345
2.75525e-06;0.004988459532302991
2.75550e-06;0.00498071002097008
2.75575e-06;0.004956441666337725
2.75600e-06;0.0049321733117053705
2.75625e-06;0.004907904957073057
2.75650e-06;0.004883636602440703
2.75675e-06;0.004859368247808348
2.75700e-06;0.004835099893176034
2.75725e-06;0.004810831538543679
2.75750e-06;0.004786563183911324
2.75775e-06;0.004761888902471182
2.75800e-06;0.004713654775009267
2.75825e-06;0.0046654206475473525
2.75850e-06;0.004617186520085439
2.75875e-06;0.004568952392623606
2.75900e-06;0.004520718265161691
2.75925e-06;0.004472484137699777
2.75950e-06;0.0044242500102379435
2.75975e-06;0.004376015882776029
2.76000e-06;0.004327781755314114
2.76025e-06;0.004277913303701526
2.76050e-06;0.004226517627137188
2.76075e-06;0.004175121950572762
2.76100e-06;0.004123726274008337
2.76125e-06;0.004072330597443999
2.76150e-06;0.004020934920879573
2.76175e-06;0.003969539244315148
2.76200e-06;0.003918143567750811
2.76225e-06;0.0038758214819431883
2.76250e-06;0.00384197838373488
2.76275e-06;0.003808135285526572
2.76300e-06;0.003774292187318321
2.76325e-06;0.0037404490891100126
2.76350e-06;0.0037066059909017044
2.76375e-06;0.0036727628926934534
2.76400e-06;0.003638919794485145
2.76425e-06;0.003621825078059389
2.76450e-06;0.0036203812021058336
2.76475e-06;0.00361893732615228
2.76500e-06;0.003617493450198725
2.76525e-06;0.0036160495742451693
2.76550e-06;0.003614605698291616
2.76575e-06;0.00361316182233806
2.76600e-06;0.0036117179463845046
2.76625e-06;0.0036102740704309516
2.76650e-06;0.003608830194477396
2.76675e-06;0.003623357650861514
2.76700e-06;0.0036528098192442284
2.76725e-06;0.0036822619876268926
2.76750e-06;0.0037117141560096068
2.76775e-06;0.003741166324392321
2.76800e-06;0.003770618492774985
2.76825e-06;0.0038000706611576993
2.76850e-06;0.003829522829540414
2.76875e-06;0.003858974997923078
2.76900e-06;0.0038884271663057923
2.76925e-06;0.0039246244039448834
2.76950e-06;0.003967124698457021
2.76975e-06;0.004009624992969087
2.77000e-06;0.004052125287481225
2.77025e-06;0.0040946255819933625
2.77050e-06;0.004137125876505428
2.77075e-06;0.004179626171017566
2.77100e-06;0.004222126465529704
2.77125e-06;0.004261452006769804
2.77150e-06;0.004297810840082731
2.77175e-06;0.004334169673395719
2.77200e-06;0.004370528506708707
2.77225e-06;0.004406887340021634
2.77250e-06;0.004443246173334622
2.77275e-06;0.004479605006647611
2.77300e-06;0.004515963839960537
2.77325e-06;0.004543000856215638
2.77350e-06;0.004561326925133548
2.77375e-06;0.004579652994051458
2.77400e-06;0.0045979790629693375
2.77425e-06;0.004616305131887248
2.77450e-06;0.004634631200805158
2.77475e-06;0.004652957269723037
2.77500e-06;0.004671283338640948
2.77525e-06;0.004689609407558858
2.77550e-06;0.0047079354764767685
2.77575e-06;0.004726261545394648
2.77600e-06;0.004744587614312558
2.77625e-06;0.0047629136832304676
2.77650e-06;0.004781239752148347
2.77675e-06;0.004799565821066257
2.77700e-06;0.004811676344962349
2.77725e-06;0.004817978635868847
2.77750e-06;0.0048242809267753555
2.77775e-06;0.004830583217681864
2.77800e-06;0.004836885508588373
2.77825e-06;0.004843187799494871
2.77850e-06;0.00484949009040138
2.77875e-06;0.004855792381307888
2.77900e-06;0.0048620946722143865
2.77925e-06;0.004868396963120895
2.77950e-06;0.004874699254027404
2.77975e-06;0.0048810015449339125
2.78000e-06;0.004887303835840411
2.78025e-06;0.004893606126746919
2.78050e-06;0.004899908417653428
2.78075e-06;0.004904357126607911
2.78100e-06;0.004907073721032598
2.78125e-06;0.004909790315457284
2.78150e-06;0.004912506909881967
2.78175e-06;0.0049152235043066535
2.78200e-06;0.004917940098731341
2.78225e-06;0.004920656693156028
2.78250e-06;0.00492337328758071
2.78275e-06;0.004926089882005397
2.78300e-06;0.004928806476430084
2.78325e-06;0.004931523070854766
2.78350e-06;0.004934239665279453
2.78375e-06;0.00493695625970414
2.78400e-06;0.004939672854128827
2.78425e-06;0.00494238944855351
2.78450e-06;0.004945106042978196
2.78475e-06;0.004947822637402883
2.78500e-06;0.004950539231827565
2.78525e-06;0.0049532558262522525
2.78550e-06;0.004959068040311861
2.78575e-06;0.004967773014382822
2.78600e-06;0.004976477988453798
2.78625e-06;0.004985182962524773
2.78650e-06;0.004993887936595749
2.78675e-06;0.00500259291066671
2.78700e-06;0.0050112978847376855
2.78725e-06;0.005020002858808661
2.78750e-06;0.005028707832879622
2.78775e-06;0.005037412806950598
2.78800e-06;0.005046117781021573
2.78825e-06;0.005054822755092549
2.78850e-06;0.00506352772916351
2.78875e-06;0.005072232703234486
2.78900e-06;0.0050809376773054615
2.78925e-06;0.0050896426513764225
2.78950e-06;0.0050983476254473975
2.78975e-06;0.005107052599518373
2.79000e-06;0.005115757573589334
2.79025e-06;0.005125447164673561
2.79050e-06;0.005136056849651246
2.79075e-06;0.005146666534628931
2.79100e-06;0.005157276219606598
2.79125e-06;0.005167885904584283
2.79150e-06;0.005178495589561968
2.79175e-06;0.005189105274539635
2.79200e-06;0.00519971495951732
2.79225e-06;0.005206579675632408
2.79250e-06;0.005209944835132799
2.79275e-06;0.005213309994633184
2.79300e-06;0.005216675154133575
2.79325e-06;0.0052200403136339665
2.79350e-06;0.0052234054731343516
2.79375e-06;0.005226770632634743
2.79400e-06;0.005230135792135134
2.79425e-06;0.005217829859009312
2.79450e-06;0.005190879778529415
2.79475e-06;0.005163929698049519
2.79500e-06;0.005136979617569623
2.79525e-06;0.005110029537089771
2.79550e-06;0.005083079456609875
2.79575e-06;0.005056129376129978
2.79600e-06;0.005029179295650128
2.79625e-06;0.005002229215170231
2.79650e-06;0.004975279134690334
2.79675e-06;0.004947747825884361
2.79700e-06;0.004886482233820283
2.79725e-06;0.004825216641756102
2.79750e-06;0.0047639510496919205
2.79775e-06;0.0047026854576278435
2.79800e-06;0.0046414198655636615
2.79825e-06;0.00458015427349948
2.79850e-06;0.004518888681435403
2.79875e-06;0.004457623089371222
2.79900e-06;0.004396357497307041
2.79925e-06;0.004335091905242859
2.79950e-06;0.004267794313887384
2.79975e-06;0.004194860007302503
2.80000e-06;0.004121925700717621
2.80025e-06;0.0040489913941328635
2.80050e-06;0.003976057087547983
2.80075e-06;0.0039031227809631012
2.80100e-06;0.0038303330758528284
2.80125e-06;0.0037659359883889802
2.80150e-06;0.003701538900925023
2.80175e-06;0.0036371418134610654
2.80200e-06;0.0035727447259972173
2.80225e-06;0.00350834763853326
2.80250e-06;0.0034439505510693025
2.80275e-06;0.003388110670469887
2.80300e-06;0.0033402672328280278
2.80325e-06;0.0032924237951861687
2.80350e-06;0.003252874854758948
2.80375e-06;0.0032210768633143348
2.80400e-06;0.0031892788718696674
2.80425e-06;0.00316648003919727
2.80450e-06;0.00315209063975819
2.80475e-06;0.0031377012403190855
2.80500e-06;0.0031326088078248034
2.80525e-06;0.003136204101013896
2.80550e-06;0.0031397993942029823
2.80575e-06;0.003152635205987368
2.80600e-06;0.00317410599423278
2.80625e-06;0.0031955767824781555
2.80650e-06;0.003225442407186419
2.80675e-06;0.0032631527447756032
2.80700e-06;0.0033008630823647238
2.80725e-06;0.003346041492468776
2.80750e-06;0.0033981985834456102
2.80775e-06;0.0034503556744224445
2.80800e-06;0.003508640520599167
2.80825e-06;0.003572651562915922
2.80850e-06;0.003636662605232676
2.80875e-06;0.0037051252438323238
2.80900e-06;0.0037777477603352606
2.80925e-06;0.003850370276838197
2.80950e-06;0.003925093498409486
2.80975e-06;0.004002773511691608
2.81000e-06;0.004081382151803007
2.81025e-06;0.004159990791914407
2.81050e-06;0.004238599432025673
2.81075e-06;0.004317208072137073
2.81100e-06;0.004395816712248472
2.81125e-06;0.004474237292055657
2.81150e-06;0.004541742919353105
2.81175e-06;0.004609248546650551
2.81200e-06;0.004676754173947998
2.81225e-06;0.00474425980124533
2.81250e-06;0.004811765428542778
2.81275e-06;0.004879271055840224
2.81300e-06;0.004927028350155242
2.81325e-06;0.004956331443150664
2.81350e-06;0.004985634536146086
2.81375e-06;0.005014937629141508
2.81400e-06;0.00504424072213688
2.81425e-06;0.005073543815132303
2.81450e-06;0.005102846908127724
2.81475e-06;0.005132150001123097
2.81500e-06;0.005161453094118518
2.81525e-06;0.005190756187113941
2.81550e-06;0.005220059280109313
2.81575e-06;0.0052486002897954645
2.81600e-06;0.005232910257888626
2.81625e-06;0.005217220225981787
2.81650e-06;0.005201530194074975
2.81675e-06;0.005185840162168136
2.81700e-06;0.0051701501302612975
2.81725e-06;0.005154460098354486
2.81750e-06;0.005138770066447647
2.81775e-06;0.005123080034540809
2.81800e-06;0.00510739000263397
2.81825e-06;0.005091699970727158
2.81850e-06;0.0050760099388203195
2.81875e-06;0.005048766062949693
2.81900e-06;0.005010725480201741
2.81925e-06;0.004972684897453724
2.81950e-06;0.004934644314705707
2.81975e-06;0.004896603731957755
2.82000e-06;0.004858563149209739
2.82025e-06;0.004820522566461722
2.82050e-06;0.004782481983713706
2.82075e-06;0.004744464891096446
2.82100e-06;0.004707811157229386
2.82125e-06;0.0046711574233623265
2.82150e-06;0.004634503689495329
2.82175e-06;0.0045978499556282686
2.82200e-06;0.004561196221761208
2.82225e-06;0.004524542487894149
2.82250e-06;0.004487888754027151
2.82275e-06;0.004451235020160091
2.82300e-06;0.004418355527329551
2.82325e-06;0.004389002945048055
2.82350e-06;0.004359650362766508
2.82375e-06;0.004330297780484962
2.82400e-06;0.004300945198203465
2.82425e-06;0.004271592615921919
2.82450e-06;0.004242240033640372
2.82475e-06;0.0042128874513588255
2.82500e-06;0.004183534869077329
2.82525e-06;0.004154182286795783
2.82550e-06;0.004124680981496213
2.82575e-06;0.004086547845632568
2.82600e-06;0.004048414709768858
2.82625e-06;0.0040102815739051475
2.82650e-06;0.003972148438041438
2.82675e-06;0.003934015302177793
2.82700e-06;0.003895882166314083
2.82725e-06;0.0038577490304503733
2.82750e-06;0.003819615894586728
2.82775e-06;0.0037814827587230185
2.82800e-06;0.0037433496228593084
2.82825e-06;0.0037016596513160397
2.82850e-06;0.0036566459277497924
2.82875e-06;0.003611632204183545
2.82900e-06;0.003566618480617298
2.82925e-06;0.0035216047570511273
2.82950e-06;0.00347659103348488
2.82975e-06;0.0034315773099186327
2.83000e-06;0.003386563586352462
2.83025e-06;0.0033416190656483527
2.83050e-06;0.0033006910542169353
2.83075e-06;0.0032597630427855175
2.83100e-06;0.003218835031354169
2.83125e-06;0.0031779070199227516
2.83150e-06;0.003136979008491334
2.83175e-06;0.0030960509970599857
2.83200e-06;0.003055122985628568
2.83225e-06;0.0030141949741971505
2.83250e-06;0.0029843680266550686
2.83275e-06;0.002964914677131816
2.83300e-06;0.002945461327608563
2.83325e-06;0.0029260079780853102
2.83350e-06;0.00290655462856209
2.83375e-06;0.002887101279038837
2.83400e-06;0.0028676479295155844
2.83425e-06;0.0028481945799923645
2.83450e-06;0.0028287412304691117
2.83475e-06;0.0028092878809458585
2.83500e-06;0.0028086832973125723
2.83525e-06;0.0028256922976064597
2.83550e-06;0.0028427012979003762
2.83575e-06;0.0028597102981942923
2.83600e-06;0.0028767192984881797
2.83625e-06;0.002893728298782096
2.83650e-06;0.0029107372990760123
2.83675e-06;0.0029277462993698997
2.83700e-06;0.002944755299663816
2.83725e-06;0.0029617642999577322
2.83750e-06;0.0029924006259036367
2.83775e-06;0.0030357712627044836
2.83800e-06;0.0030791418995054034
2.83825e-06;0.0031225125363063236
2.83850e-06;0.00316588317310717
2.83875e-06;0.0032092538099080903
2.83900e-06;0.00325262444670901
2.83925e-06;0.0032961463139268257
2.83950e-06;0.0033484455402505065
2.83975e-06;0.003400744766574276
2.84000e-06;0.0034530439928980453
2.84025e-06;0.0035053432192217264
2.84050e-06;0.0035576424455454956
2.84075e-06;0.0036099416718692653
2.84100e-06;0.003662240898192946
2.84125e-06;0.0037082966226641106
2.84150e-06;0.00374851798935679
2.84175e-06;0.003788739356049469
2.84200e-06;0.0038289607227420803
2.84225e-06;0.0038691820894347596
2.84250e-06;0.003909403456127439
2.84275e-06;0.00394962482282005
2.84300e-06;0.003989846189512729
2.84325e-06;0.004030067556205408
2.84350e-06;0.004070288922898088
2.84375e-06;0.004110510289590699
2.84400e-06;0.004137156019696414
2.84425e-06;0.004151115740765859
2.84450e-06;0.004165075461835279
2.84475e-06;0.004179035182904724
2.84500e-06;0.0041929949039741675
2.84525e-06;0.004206954625043589
2.84550e-06;0.004220914346113032
2.84575e-06;0.004234874067182477
2.84600e-06;0.004248833788251922
2.84625e-06;0.004262793509321342
2.84650e-06;0.004276753230390787
2.84675e-06;0.004280571330906187
2.84700e-06;0.004274912403278611
2.84725e-06;0.0042692534756510235
2.84750e-06;0.004263594548023436
2.84775e-06;0.00425793562039586
2.84800e-06;0.004252276692768273
2.84825e-06;0.0042466177651406855
2.84850e-06;0.004240958837513098
2.84875e-06;0.004235299909885522
2.84900e-06;0.0042296409822579345
2.84925e-06;0.004223982054630347
2.84950e-06;0.004214347911461291
2.84975e-06;0.004200999053335104
2.85000e-06;0.004187650195208917
2.85025e-06;0.00417430133708273
2.85050e-06;0.004160952478956565
2.85075e-06;0.004147603620830378
2.85100e-06;0.00413425476270419
2.85125e-06;0.0041209059045780256
2.85150e-06;0.004107557046451838
2.85175e-06;0.004094208188325651
2.85200e-06;0.004080859330199487
2.85225e-06;0.00406808482331971
2.85250e-06;0.004055847029768668
2.85275e-06;0.004043609236217626
2.85300e-06;0.004031371442666605
2.85325e-06;0.0040191336491155645
2.85350e-06;0.004006895855564523
2.85375e-06;0.003994658062013502
2.85400e-06;0.00398242026846246
2.85425e-06;0.003970182474911419
2.85450e-06;0.0039579446813603775
2.85475e-06;0.003945706887809357
2.85500e-06;0.003933469094258315
2.85525e-06;0.003921231300707273
2.85550e-06;0.003904497711362521
2.85575e-06;0.0038835629410489277
2.85600e-06;0.0038626281707353346
2.85625e-06;0.003841693400421777
2.85650e-06;0.003820758630108184
2.85675e-06;0.003799823859794591
2.85700e-06;0.003778889089480998
2.85725e-06;0.0037579543191674403
2.85750e-06;0.003737019548853847
2.85775e-06;0.003716084778540254
2.85800e-06;0.0036951500082266966
2.85825e-06;0.0036742152379131035
2.85850e-06;0.0036532804675995104
2.85875e-06;0.0036297765992153444
2.85900e-06;0.0036038719888009914
2.85925e-06;0.0035779673783865947
2.85950e-06;0.0035520627679721983
2.85975e-06;0.0035261581575578454
2.86000e-06;0.0035002535471434486
2.86025e-06;0.0034743489367290523
2.86050e-06;0.0034484443263146994
2.86075e-06;0.0034225397159003026
2.86100e-06;0.003396635105485906
2.86125e-06;0.0033707304950715096
2.86150e-06;0.0033482175233961503
2.86175e-06;0.003328873932354965
2.86200e-06;0.003309530341313779
2.86225e-06;0.003290186750272626
2.86250e-06;0.003270843159231441
2.86275e-06;0.003251499568190255
2.86300e-06;0.0032321559771490696
2.86325e-06;0.0032128123861079167
2.86350e-06;0.003193468795066731
2.86375e-06;0.0031741252040255455
2.86400e-06;0.0031547816129843926
2.86425e-06;0.003137231629543734
2.86450e-06;0.0031213577164726156
2.86475e-06;0.003105483803401524
2.86500e-06;0.003089609890330406
2.86525e-06;0.0030737359772592876
2.86550e-06;0.0030578620641881693
2.86575e-06;0.003041988151117078
2.86600e-06;0.0030261142380459596
2.86625e-06;0.0030102403249748413
2.86650e-06;0.00299436641190375
2.86675e-06;0.0029784924988326316
2.86700e-06;0.0029626185857615133
2.86725e-06;0.002946744672690395
2.86750e-06;0.0029308707596193036
2.86775e-06;0.0029149968465481853
2.86800e-06;0.002899122933477067
2.86825e-06;0.002883328028537011
2.86850e-06;0.002867606954231536
2.86875e-06;0.0028518858799260615
2.86900e-06;0.002836164805620613
2.86925e-06;0.0028204437313151384
2.86950e-06;0.0028047226570096636
2.86975e-06;0.002789001582704189
2.87000e-06;0.002773280508398741
2.87025e-06;0.0027575594340932662
2.87050e-06;0.0027418383597877915
2.87075e-06;0.002726117285482343
2.87100e-06;0.0027103962111768684
2.87125e-06;0.0026946751368713937
2.87150e-06;0.002678954062565919
2.87175e-06;0.002663232988260471
2.87200e-06;0.0026475119139549963
2.87225e-06;0.0026349146109958047
2.87250e-06;0.002625236374945972
2.87275e-06;0.002615558138896122
2.87300e-06;0.0026058799028462728
2.87325e-06;0.00259620166679644
2.87350e-06;0.00258652343074659
2.87375e-06;0.002576845194696741
2.87400e-06;0.0025671669586468915
2.87425e-06;0.0025574887225970587
2.87450e-06;0.002547810486547209
2.87475e-06;0.0025381322504973596
2.87500e-06;0.002528454014447527
2.87525e-06;0.002518775778397677
2.87550e-06;0.0025090975423478277
2.87575e-06;0.0024994193062979784
2.87600e-06;0.0024897410702481456
2.87625e-06;0.002480062834198296
2.87650e-06;0.0024703845981484465
2.87675e-06;0.0024607063620986137
2.87700e-06;0.0024510281260487644
2.87725e-06;0.0024413727873058974
2.87750e-06;0.002433046400045893
2.87775e-06;0.0024247200127858744
2.87800e-06;0.0024163936255258557
2.87825e-06;0.002408067238265837
2.87850e-06;0.0023997408510058322
2.87875e-06;0.0023914144637458136
2.87900e-06;0.002383088076485795
2.87925e-06;0.0023747616892257906
2.87950e-06;0.002366435301965772
2.87975e-06;0.0023581089147057532
2.88000e-06;0.0023497825274457346
2.88025e-06;0.00234145614018573
2.88050e-06;0.002333129752925711
2.88075e-06;0.0023248033656656925
2.88100e-06;0.002316476978405688
2.88125e-06;0.0023081505911456694
2.88150e-06;0.0022998242038856508
2.88175e-06;0.002291497816625646
2.88200e-06;0.0022831714293656273
2.88225e-06;0.0022748450421056087
2.88250e-06;0.0022688837998868466
2.88275e-06;0.0022651327119530716
2.88300e-06;0.0022613816240192905
2.88325e-06;0.002257630536085509
2.88350e-06;0.002253879448151734
2.88375e-06;0.0022590136915129912
2.88400e-06;0.0022724509998840675
2.88425e-06;0.002285888308255144
2.88450e-06;0.0022993256166261972
2.88475e-06;0.002312762924997273
2.88500e-06;0.0023348662626248304
2.88525e-06;0.002365067734345912
2.88550e-06;0.0023952692060670443
2.88575e-06;0.002433414689725944
2.88600e-06;0.002478983604809871
2.88625e-06;0.0025245525198938756
2.88650e-06;0.0025768768621227465
2.88675e-06;0.002635513940353326
2.88700e-06;0.0026941510185838065
2.88725e-06;0.002758791601452379
2.88750e-06;0.0028290422721884137
2.88775e-06;0.0028992929429243293
2.88800e-06;0.00297686065728861
2.88825e-06;0.0030612659207446356
2.88850e-06;0.003145671184200661
2.88875e-06;0.0032300764476565435
2.88900e-06;0.0033144817111125688
2.88925e-06;0.0033988869745685945
2.88950e-06;0.0034833954847481386
2.88975e-06;0.003573896397735396
2.89000e-06;0.0036643973107226527
2.89025e-06;0.0037548982237097565
2.89050e-06;0.0038453991366970137
2.89075e-06;0.003935900049684271
2.89100e-06;0.004026400962671528
2.89125e-06;0.004108624584376018
2.89150e-06;0.004183113335500609
2.89175e-06;0.004257602086625199
2.89200e-06;0.004332090837749663
2.89225e-06;0.004406579588874254
2.89250e-06;0.0044810683399988446
2.89275e-06;0.004555557091123435
2.89300e-06;0.0046300458422479
2.89325e-06;0.004687980693612964
2.89350e-06;0.00473044644187835
2.89375e-06;0.004772912190143664
2.89400e-06;0.004815377938409049
2.89425e-06;0.004857843686674435
2.89450e-06;0.004900309434939749
2.89475e-06;0.004942775183205135
2.89500e-06;0.004985240931470521
2.89525e-06;0.005011391859361947
2.89550e-06;0.005022297096383701
2.89575e-06;0.005033202333405474
2.89600e-06;0.005044107570427247
2.89625e-06;0.005055012807449001
2.89650e-06;0.005065918044470774
2.89675e-06;0.005076823281492547
2.89700e-06;0.005087728518514321
2.89725e-06;0.005098633755536075
2.89750e-06;0.005109538992557848
2.89775e-06;0.005120444229579621
2.89800e-06;0.005120025352148802
2.89825e-06;0.005109024442898907
2.89850e-06;0.005098023533649013
2.89875e-06;0.0050870226243991375
2.89900e-06;0.005076021715149243
2.89925e-06;0.005065020805899349
2.89950e-06;0.005054019896649454
2.89975e-06;0.005043018987399579
2.90000e-06;0.005032018078149684
2.90025e-06;0.00502101716889979
2.90050e-06;0.005010016259649914
2.90075e-06;0.0049978251175752855
2.90100e-06;0.004984521740042749
2.90125e-06;0.004971218362510212
2.90150e-06;0.004957914984977698
2.90175e-06;0.004944611607445162
2.90200e-06;0.004931308229912625
2.90225e-06;0.004918004852380112
2.90250e-06;0.004904701474847575
2.90275e-06;0.004891398097315039
2.90300e-06;0.004878094719782525
2.90325e-06;0.004864791342249988
2.90350e-06;0.004851487964717452
2.90375e-06;0.004838184587184915
2.90400e-06;0.004824881209652402
2.90425e-06;0.00481801459460457
2.90450e-06;0.004817162933371605
2.90475e-06;0.004816311272138641
2.90500e-06;0.004815459610905675
2.90525e-06;0.00481460794967271
2.90550e-06;0.004813756288439744
2.90575e-06;0.00481290462720678
2.90600e-06;0.004812052965973815
2.90625e-06;0.004811201304740849
2.90650e-06;0.004810349643507885
2.90675e-06;0.00480949798227492
2.90700e-06;0.004808646321041954
2.90725e-06;0.004807794659808989
2.90750e-06;0.004806942998576024
2.90775e-06;0.004810644274609245
2.90800e-06;0.004818600128536793
2.90825e-06;0.0048265559824643275
2.90850e-06;0.004834511836391876
2.90875e-06;0.004842467690319424
2.90900e-06;0.004850423544246958
2.90925e-06;0.004858379398174506
2.90950e-06;0.004866335252102054
2.90975e-06;0.004874291106029602
2.91000e-06;0.004882246959957136
2.91025e-06;0.004890202813884684
2.91050e-06;0.004898158667812232
2.91075e-06;0.0049061145217397665
2.91100e-06;0.004913072029455509
2.91125e-06;0.0049199677150883695
2.91150e-06;0.004926863400721217
2.91175e-06;0.004933759086354077
2.91200e-06;0.004940654771986936
2.91225e-06;0.004947550457619796
2.91250e-06;0.004954446143252644
2.91275e-06;0.004961341828885504
2.91300e-06;0.004968237514518363
2.91325e-06;0.004975133200151211
2.91350e-06;0.0049820288857840705
2.91375e-06;0.00498892457141693
2.91400e-06;0.004989513160341692
2.91425e-06;0.004979196812577598
2.91450e-06;0.0049688804648134865
2.91475e-06;0.004958564117049375
2.91500e-06;0.0049482477692852815
2.91525e-06;0.00493793142152117
2.91550e-06;0.004927615073757058
2.91575e-06;0.004917298725992964
2.91600e-06;0.004906982378228853
2.91625e-06;0.004896666030464742
2.91650e-06;0.00488634968270063
2.91675e-06;0.004876033334936536
2.91700e-06;0.0048657169871724245
2.91725e-06;0.004841609572356092
2.91750e-06;0.004813940988009929
2.91775e-06;0.004786272403663719
2.91800e-06;0.004758603819317509
2.91825e-06;0.004730935234971299
2.91850e-06;0.004703266650625136
2.91875e-06;0.004675598066278925
2.91900e-06;0.0046479294819327145
2.91925e-06;0.004620260897586551
2.91950e-06;0.004592592313240341
2.91975e-06;0.004564923728894131
2.92000e-06;0.004537255144547967
2.92025e-06;0.0045094374813213186
2.92050e-06;0.0044811007058765135
2.92075e-06;0.0044527639304317084
2.92100e-06;0.004424427154986952
2.92125e-06;0.004396090379542147
2.92150e-06;0.004367753604097342
2.92175e-06;0.0043394168286525845
2.92200e-06;0.0043110800532077794
2.92225e-06;0.004282743277762974
2.92250e-06;0.004254406502318217
2.92275e-06;0.004226069726873412
2.92300e-06;0.004210325447229185
2.92325e-06;0.004199403073468868
2.92350e-06;0.004188480699708569
2.92375e-06;0.004177558325948252
2.92400e-06;0.004166635952187935
2.92425e-06;0.0041557135784276375
2.92450e-06;0.0041447912046673205
2.92475e-06;0.0041338688309070035
2.92500e-06;0.0041229464571466866
2.92525e-06;0.004112024083386389
2.92550e-06;0.004106313963371273
2.92575e-06;0.00411875359465172
2.92600e-06;0.004131193225932147
2.92625e-06;0.004143632857212596
2.92650e-06;0.004156072488493043
2.92675e-06;0.00416851211977347
2.92700e-06;0.004180951751053918
2.92725e-06;0.004193391382334366
2.92750e-06;0.004205831013614814
2.92775e-06;0.004218270644895241
2.92800e-06;0.004230710276175689
2.92825e-06;0.004253456884670523
2.92850e-06;0.004280150230560638
2.92875e-06;0.004306843576450799
2.92900e-06;0.0043335369223409595
2.92925e-06;0.004360230268231121
2.92950e-06;0.0043869236141212365
2.92975e-06;0.004413616960011397
2.93000e-06;0.004440310305901558
2.93025e-06;0.004467003651791673
2.93050e-06;0.004493696997681835
2.93075e-06;0.004520069006350894
2.93100e-06;0.004545322076662274
2.93125e-06;0.004570575146973697
2.93150e-06;0.004595828217285121
2.93175e-06;0.004621081287596544
2.93200e-06;0.004646334357907925
2.93225e-06;0.0046715874282193485
2.93250e-06;0.004696840498530771
2.93275e-06;0.004722093568842152
2.93300e-06;0.004743177339130791
2.93325e-06;0.004749743059801545
2.93350e-06;0.004756308780472299
2.93375e-06;0.004762874501143042
2.93400e-06;0.004769440221813796
2.93425e-06;0.004776005942484551
2.93450e-06;0.004782571663155294
2.93475e-06;0.004789137383826048
2.93500e-06;0.004795703104496803
2.93525e-06;0.004795908168388727
2.93550e-06;0.004773964590970524
2.93575e-06;0.00475202101355232
2.93600e-06;0.004730077436134116
2.93625e-06;0.00470813385871595
2.93650e-06;0.004686190281297745
2.93675e-06;0.004664246703879542
2.93700e-06;0.004642303126461375
2.93725e-06;0.004620359549043171
2.93750e-06;0.004598415971624968
2.93775e-06;0.004561117094974305
2.93800e-06;0.004517938382515387
2.93825e-06;0.004474759670056397
2.93850e-06;0.004431580957597406
2.93875e-06;0.004388402245138488
2.93900e-06;0.004345223532679497
2.93925e-06;0.004302044820220507
2.93950e-06;0.004258866107761589
2.93975e-06;0.004215687395302598
2.94000e-06;0.0041718514361519885
2.94025e-06;0.004125726857801869
2.94050e-06;0.004079602279451827
2.94075e-06;0.004033477701101707
2.94100e-06;0.003987353122751587
2.94125e-06;0.003941228544401544
2.94150e-06;0.003895103966051424
2.94175e-06;0.0038489793877013044
2.94200e-06;0.003802854809351184
2.94225e-06;0.0037601221240735434
2.94250e-06;0.0037292004554314463
2.94275e-06;0.0036982787867893495
2.94300e-06;0.003667357118147305
2.94325e-06;0.0036364354495052077
2.94350e-06;0.0036055137808631106
2.94375e-06;0.003574592112221066
2.94400e-06;0.0035436704435789688
2.94425e-06;0.003512748774936872
2.94450e-06;0.0034857228648105913
2.94475e-06;0.0034722624968925968
2.94500e-06;0.0034588021289745797
2.94525e-06;0.0034453417610565626
2.94550e-06;0.003431881393138568
2.94575e-06;0.0034184210252205505
2.94600e-06;0.0034049606573025334
2.94625e-06;0.0033915002893845163
2.94650e-06;0.003378039921466522
2.94675e-06;0.0033645795535485043
2.94700e-06;0.003351119185630487
2.94725e-06;0.0033376588177124926
2.94750e-06;0.0033241984497944755
2.94775e-06;0.0033189782440031803
2.94800e-06;0.0033169133528436487
2.94825e-06;0.003314848461684114
2.94850e-06;0.003312783570524579
2.94875e-06;0.0033107186793650445
2.94900e-06;0.003308653788205513
2.94925e-06;0.003306588897045978
2.94950e-06;0.0033045240058864433
2.94975e-06;0.0033024591147269118
2.95000e-06;0.0033003942235673767
2.95025e-06;0.003298329332407842
2.95050e-06;0.003296264441248307
2.95075e-06;0.0032950299137112582
2.95100e-06;0.003296686821237188
2.95125e-06;0.0032983437287631176
2.95150e-06;0.0033000006362890444
2.95175e-06;0.003301657543814974
2.95200e-06;0.003303314451340904
2.95225e-06;0.00330497135886683
2.95250e-06;0.00330662826639276
2.95275e-06;0.0033082851739186896
2.95300e-06;0.0033099420814446195
2.95325e-06;0.0033115989889705463
2.95350e-06;0.0033132558964964758
2.95375e-06;0.0033149128040224052
2.95400e-06;0.003316569711548332
2.95425e-06;0.003318226619074262
2.95450e-06;0.0033198835266001914
2.95475e-06;0.003321540434126121
2.95500e-06;0.003327342162707193
2.95525e-06;0.0033347310220171265
2.95550e-06;0.0033421198813270605
2.95575e-06;0.0033495087406369816
2.95600e-06;0.0033568975999469157
2.95625e-06;0.0033642864592568493
2.95650e-06;0.0033716753185667704
2.95675e-06;0.0033790641778767045
2.95700e-06;0.003386453037186638
2.95725e-06;0.0033938418964965717
2.95750e-06;0.0034012307558064932
2.95775e-06;0.003408619615116427
2.95800e-06;0.0034160084744263605
2.95825e-06;0.003423397333736282
2.95850e-06;0.0034307861930462156
2.95875e-06;0.0034381750523561497
2.95900e-06;0.0034463431489663667
2.95925e-06;0.0034572246520789642
2.95950e-06;0.0034681061551915804
2.95975e-06;0.0034789876583041965
2.96000e-06;0.003489869161416794
2.96025e-06;0.0035007506645294098
2.96050e-06;0.003511632167642026
2.96075e-06;0.0035225136707546234
2.96100e-06;0.0035333951738672396
2.96125e-06;0.0035442766769798557
2.96150e-06;0.0035541951611006003
2.96175e-06;0.0035607602867596985
2.96200e-06;0.003567325412418808
2.96225e-06;0.003573890538077917
2.96250e-06;0.003580455663737015
2.96275e-06;0.0035870207893961246
2.96300e-06;0.0035935859150552337
2.96325e-06;0.003600151040714343
2.96350e-06;0.0036067161663734413
2.96375e-06;0.0036132812920325504
2.96400e-06;0.0036153936526829816
2.96425e-06;0.0036020009014448274
2.96450e-06;0.0035886081502066506
2.96475e-06;0.003575215398968474
2.96500e-06;0.0035618226477303195
2.96525e-06;0.0035484298964921428
2.96550e-06;0.003535037145253966
2.96575e-06;0.0035216443940157887
2.96600e-06;0.0035082516427776345
2.96625e-06;0.0034948588915394577
2.96650e-06;0.003481466140301281
2.96675e-06;0.0034518364549499868
2.96700e-06;0.0034159893390430527
2.96725e-06;0.003380142223136119
2.96750e-06;0.003344295107229185
2.96775e-06;0.0033084479913223115
2.96800e-06;0.0032726008754153774
2.96825e-06;0.0032367537595084438
2.96850e-06;0.0032009066436015704
2.96875e-06;0.0031650595276946363
2.96900e-06;0.003129212411787702
2.96925e-06;0.003091452935635468
2.96950e-06;0.0030470343702387165
2.96975e-06;0.003002615804841965
2.97000e-06;0.0029581972394452133
2.97025e-06;0.0029137786740485367
2.97050e-06;0.002869360108651785
2.97075e-06;0.0028249415432550335
2.97100e-06;0.0027816708600391024
2.97125e-06;0.002742397253159732
2.97150e-06;0.0027031236462803612
2.97175e-06;0.002663850039400991
2.97200e-06;0.002624576432521687
2.97225e-06;0.002585302825642316
2.97250e-06;0.0025460292187629457
2.97275e-06;0.0025091794241564797
2.97300e-06;0.0024807696618484782
2.97325e-06;0.0024523598995404767
2.97350e-06;0.002426230446298872
2.97375e-06;0.002408041328365559
2.97400e-06;0.002389852210432246
2.97425e-06;0.0023741118118406138
2.97450e-06;0.002366898175228719
2.97475e-06;0.0023596845386168125
2.97500e-06;0.002354998060432284
2.97525e-06;0.002359111479413712
2.97550e-06;0.0023632248983951475
2.97575e-06;0.002369845337910662
2.97600e-06;0.0023851955518059123
2.97625e-06;0.002400545765701136
2.97650e-06;0.0024181565317098245
2.97675e-06;0.002443638836724951
2.97700e-06;0.002469121141740035
2.97725e-06;0.0024976660168752607
2.97750e-06;0.0025368751629278596
2.97775e-06;0.002576084308980392
2.97800e-06;0.0026152934550329908
2.97825e-06;0.0026545026010855897
2.97850e-06;0.0026937117471381887
2.97875e-06;0.0027329208931907213
2.97900e-06;0.0027744466489587117
2.97925e-06;0.0028240391436572193
2.97950e-06;0.002873631638355643
2.97975e-06;0.00292322413305415
2.98000e-06;0.0029728166277526577
2.98025e-06;0.003022409122451165
2.98050e-06;0.0030720016171495884
2.98075e-06;0.0031204005028054958
2.98100e-06;0.00316464308519289
2.98125e-06;0.0032088856675802093
2.98150e-06;0.0032531282499676036
2.98175e-06;0.0032973708323549983
2.98200e-06;0.0033416134147423175
2.98225e-06;0.003385855997129712
2.98250e-06;0.003430098579517106
2.98275e-06;0.003474341161904501
2.98300e-06;0.003514405671098292
2.98325e-06;0.0035399215813363195
2.98350e-06;0.003565437491574347
2.98375e-06;0.0035909534018123313
2.98400e-06;0.003616469312050359
2.98425e-06;0.0036419852222883864
2.98450e-06;0.003667501132526414
2.98475e-06;0.003693017042764398
2.98500e-06;0.0037185329530024258
2.98525e-06;0.0037401653532995265
2.98550e-06;0.0037482748625280275
2.98575e-06;0.0037563843717565424
2.98600e-06;0.0037644938809850573
2.98625e-06;0.0037726033902135588
2.98650e-06;0.003780712899442073
2.98675e-06;0.003788822408670588
2.98700e-06;0.003796931917899103
2.98725e-06;0.003805041427127604
2.98750e-06;0.003813150936356119
2.98775e-06;0.003821260445584634
2.98800e-06;0.003829369954813135
2.98825e-06;0.0038374794640416497
2.98850e-06;0.0038432468732781757
2.98875e-06;0.003840858783096366
2.98900e-06;0.00383847069291456
2.98925e-06;0.00383608260273275
2.98950e-06;0.0038336945125509404
2.98975e-06;0.003831306422369135
2.99000e-06;0.003828918332187325
2.99025e-06;0.003826530242005515
2.99050e-06;0.0038241421518237094
2.99075e-06;0.0038217540616418996
2.99100e-06;0.00381936597146009
2.99125e-06;0.00381697788127828
2.99150e-06;0.003814589791096474
2.99175e-06;0.0038115998542412083
2.99200e-06;0.003806514208316227
2.99225e-06;0.0038014285623912546
2.99250e-06;0.0037963429164662734
2.99275e-06;0.003791257270541292
2.99300e-06;0.0037861716246163106
2.99325e-06;0.003781085978691338
2.99350e-06;0.003776000332766357
2.99375e-06;0.0037709146868413757
2.99400e-06;0.003765829040916403
2.99425e-06;0.0037607433949914215
2.99450e-06;0.0037556577490664403
2.99475e-06;0.0037505721031414678
2.99500e-06;0.0037454864572164866
2.99525e-06;0.0037404008112915054
2.99550e-06;0.003735315165366524
2.99575e-06;0.0037302295194415512
2.99600e-06;0.00372514387351657
2.99625e-06;0.003720058227591589
2.99650e-06;0.0037149725816666163
2.99675e-06;0.003709886935741635
2.99700e-06;0.00370144491237199
2.99725e-06;0.003691717668311066
2.99750e-06;0.0036819904242501255
2.99775e-06;0.003672263180189185
2.99800e-06;0.0036625359361282445
2.99825e-06;0.0036528086920673206
2.99850e-06;0.00364308144800638
2.99875e-06;0.0036333542039454396
2.99900e-06;0.0036236269598845156
2.99925e-06;0.003613899715823575
2.99950e-06;0.0036041724717626347
2.99975e-06;0.0035944452277016942
