Time(s);Current(A)
9.00000e-06;-0.0027942833665611467
9.00025e-06;-0.002822637482345315
9.00050e-06;-0.002850991598129483
9.00075e-06;-0.0028793457139134593
9.00100e-06;-0.0029076998296976276
9.00125e-06;-0.002936053945481796
9.00150e-06;-0.002964408061265772
9.00175e-06;-0.00299276217704994
9.00200e-06;-0.003019527231056907
9.00225e-06;-0.0030391893432947193
9.00250e-06;-0.003058851455532665
9.00275e-06;-0.0030785135677706106
9.00300e-06;-0.003098175680008423
9.00325e-06;-0.003117837792246369
9.00350e-06;-0.0031374999044843145
9.00375e-06;-0.003157162016722127
9.00400e-06;-0.0031768241289600726
9.00425e-06;-0.0031964862411980183
9.00450e-06;-0.003216148353435831
9.00475e-06;-0.0032358104656737764
9.00500e-06;-0.003255472577911722
9.00525e-06;-0.0032751346901495346
9.00550e-06;-0.0032947968023874803
9.00575e-06;-0.003314458914625426
9.00600e-06;-0.003321446648003986
9.00625e-06;-0.0033225469124936384
9.00650e-06;-0.0033236471769832908
9.00675e-06;-0.0033247474414729353
9.00700e-06;-0.0033258477059625877
9.00725e-06;-0.0033269479704522396
9.00750e-06;-0.0033280482349418846
9.00775e-06;-0.0033291484994315366
9.00800e-06;-0.003330248763921189
9.00825e-06;-0.0033313490284108413
9.00850e-06;-0.003309139461685601
9.00875e-06;-0.0032761020739196125
9.00900e-06;-0.003243064686153624
9.00925e-06;-0.003210027298387859
9.00950e-06;-0.00317698991062187
9.00975e-06;-0.003143952522855881
9.01000e-06;-0.0031109151350901163
9.01025e-06;-0.0030778777473241276
9.01050e-06;-0.0030448403595581385
9.01075e-06;-0.003011802971792374
9.01100e-06;-0.002963819528218014
9.01125e-06;-0.002908893382396204
9.01150e-06;-0.0028539672365747665
9.01175e-06;-0.0027990410907529567
9.01200e-06;-0.002744114944931147
9.01225e-06;-0.0026891887991097097
9.01250e-06;-0.0026334551403519786
9.01275e-06;-0.002574111982299461
9.01300e-06;-0.002514768824247345
9.01325e-06;-0.0024554256661948274
9.01350e-06;-0.0023960825081423094
9.01375e-06;-0.002336739350090194
9.01400e-06;-0.002277396192037676
9.01425e-06;-0.0022292421070915147
9.01450e-06;-0.0021862855407423962
9.01475e-06;-0.002143328974392987
9.01500e-06;-0.002100372408043578
9.01525e-06;-0.0020574158416944597
9.01550e-06;-0.0020144592753450507
9.01575e-06;-0.0019715027089956417
9.01600e-06;-0.0019285461426465232
9.01625e-06;-0.0018855895762971142
9.01650e-06;-0.001842633009947705
9.01675e-06;-0.0018054888370032769
9.01700e-06;-0.0017943254613525023
9.01725e-06;-0.0017831620857016522
9.01750e-06;-0.001771998710050802
9.01775e-06;-0.0017608353344000273
9.01800e-06;-0.0017496719587491772
9.01825e-06;-0.001738508583098327
9.01850e-06;-0.0017273452074475525
9.01875e-06;-0.0017161818317967023
9.01900e-06;-0.0017050184561458522
9.01925e-06;-0.0016938550804950776
9.01950e-06;-0.0016945516981770584
9.01975e-06;-0.001700757488542822
9.02000e-06;-0.0017069632789085438
9.02025e-06;-0.0017197879312371522
9.02050e-06;-0.0017356871597901293
9.02075e-06;-0.0017515863883429989
9.02100e-06;-0.0017674856168959762
9.02125e-06;-0.0017833848454489535
9.02150e-06;-0.0017992840740018229
9.02175e-06;-0.0018151833025548002
9.02200e-06;-0.0018325286708590271
9.02225e-06;-0.0018563381342654682
9.02250e-06;-0.0018801475976720709
9.02275e-06;-0.0019039570610786733
9.02300e-06;-0.0019277665244851147
9.02325e-06;-0.001951575987891717
9.02350e-06;-0.0019753854512983195
9.02375e-06;-0.001999194914704761
9.02400e-06;-0.0020230106449966438
9.02425e-06;-0.002046829286365476
9.02450e-06;-0.0020706479277341466
9.02475e-06;-0.0020944665691029784
9.02500e-06;-0.0021182852104718103
9.02525e-06;-0.002142103851840642
9.02550e-06;-0.0021659224932093126
9.02575e-06;-0.002188382572569068
9.02600e-06;-0.0022102115763033164
9.02625e-06;-0.0022320405800374163
9.02650e-06;-0.0022538695837716646
9.02675e-06;-0.0022756985875059125
9.02700e-06;-0.0022975275912400124
9.02725e-06;-0.0023193565949742607
9.02750e-06;-0.0023465883571224255
9.02775e-06;-0.0023763297942966037
9.02800e-06;-0.0024060712314709835
9.02825e-06;-0.0024358126686453633
9.02850e-06;-0.002465554105819542
9.02875e-06;-0.0024952955429939218
9.02900e-06;-0.0025250369801683016
9.02925e-06;-0.0025547784173424798
9.02950e-06;-0.0025845198545168596
9.02975e-06;-0.0026142612916912394
9.03000e-06;-0.0026440027288654176
9.03025e-06;-0.0026737441660397974
9.03050e-06;-0.002709994966913359
9.03075e-06;-0.0027492694801688976
9.03100e-06;-0.0027885439934247024
9.03125e-06;-0.002827818506680507
9.03150e-06;-0.0028670930199360457
9.03175e-06;-0.0029063675331918505
9.03200e-06;-0.0029456420464476552
9.03225e-06;-0.002984916559703194
9.03250e-06;-0.003024191072958999
9.03275e-06;-0.0030634655862148037
9.03300e-06;-0.0031027400994703422
9.03325e-06;-0.003142014612726147
9.03350e-06;-0.0031788710398177457
9.03375e-06;-0.0032146042239297153
9.03400e-06;-0.003250337408041443
9.03425e-06;-0.003286070592153413
9.03450e-06;-0.0033218037762653826
9.03475e-06;-0.0033575369603771102
9.03500e-06;-0.0033932701444890803
9.03525e-06;-0.00342900332860105
9.03550e-06;-0.0034647365127127776
9.03575e-06;-0.0035004696968247476
9.03600e-06;-0.003532997755616782
9.03625e-06;-0.0035511992357484326
9.03650e-06;-0.003569400715880206
9.03675e-06;-0.00358760219601198
9.03700e-06;-0.0036058036761436305
9.03725e-06;-0.003624005156275404
9.03750e-06;-0.0036422066364071777
9.03775e-06;-0.003660408116538828
9.03800e-06;-0.003678609596670602
9.03825e-06;-0.0036968110768023756
9.03850e-06;-0.003715012556934026
9.03875e-06;-0.0037195949249496933
9.03900e-06;-0.0037178509790800297
9.03925e-06;-0.0037161070332103778
9.03950e-06;-0.003714363087340714
9.03975e-06;-0.00371261914147105
9.04000e-06;-0.003710875195601398
9.04025e-06;-0.0037091312497317345
9.04050e-06;-0.003707387303862071
9.04075e-06;-0.003705643357992419
9.04100e-06;-0.003703899412122755
9.04125e-06;-0.003700100274857751
9.04150e-06;-0.0036871146446308353
9.04175e-06;-0.003674129014403832
9.04200e-06;-0.0036611433841768283
9.04225e-06;-0.003648157753949825
9.04250e-06;-0.0036351721237229094
9.04275e-06;-0.003622186493495906
9.04300e-06;-0.0036092008632689025
9.04325e-06;-0.003596215233041987
9.04350e-06;-0.0035832296028149835
9.04375e-06;-0.00357024397258798
9.04400e-06;-0.003558595510050241
9.04425e-06;-0.0035475681851055065
9.04450e-06;-0.003536540860160772
9.04475e-06;-0.0035255135352161124
9.04500e-06;-0.003514486210271378
9.04525e-06;-0.0035034588853266433
9.04550e-06;-0.0034924315603819833
9.04575e-06;-0.0034814042354372487
9.04600e-06;-0.003470376910492514
9.04625e-06;-0.003460720780248779
9.04650e-06;-0.0034517015937354876
9.04675e-06;-0.003442682407222196
9.04700e-06;-0.003433663220708966
9.04725e-06;-0.003424644034195674
9.04750e-06;-0.0034156248476823825
9.04775e-06;-0.0034066056611691525
9.04800e-06;-0.003397586474655861
9.04825e-06;-0.0033885672881425696
9.04850e-06;-0.0033740021488087055
9.04875e-06;-0.003356860818160153
9.04900e-06;-0.0033397194875116006
9.04925e-06;-0.003322578156863165
9.04950e-06;-0.0033054368262146125
9.04975e-06;-0.00328829549556606
9.05000e-06;-0.003271154164917624
9.05025e-06;-0.003254012834269072
9.05050e-06;-0.0032368715036205195
9.05075e-06;-0.003219730172971967
9.05100e-06;-0.003202588842323531
9.05125e-06;-0.003181651027507817
9.05150e-06;-0.0031589496799223882
9.05175e-06;-0.003136248332337113
9.05200e-06;-0.0031135469847516843
9.05225e-06;-0.0030908456371662556
9.05250e-06;-0.0030681442895809804
9.05275e-06;-0.0030454429419955516
9.05300e-06;-0.0030227415944101225
9.05325e-06;-0.0030000402468248477
9.05350e-06;-0.002977338899239419
9.05375e-06;-0.00295463755165399
9.05400e-06;-0.002938704828193457
9.05425e-06;-0.0029259162480837694
9.05450e-06;-0.002913127667974082
9.05475e-06;-0.0029003390878644814
9.05500e-06;-0.0028875505077547944
9.05525e-06;-0.002874761927645107
9.05550e-06;-0.0028619733475355063
9.05575e-06;-0.002849184767425819
9.05600e-06;-0.002836396187316132
9.05625e-06;-0.0028236076072065313
9.05650e-06;-0.002810819027096844
9.05675e-06;-0.0027980304469871565
9.05700e-06;-0.0027852418668775558
9.05725e-06;-0.002772453286767869
9.05750e-06;-0.0027596647066581814
9.05775e-06;-0.0027592798883819838
9.05800e-06;-0.0027646568327004024
9.05825e-06;-0.0027700337770188207
9.05850e-06;-0.002775410721337203
9.05875e-06;-0.0027807876656556216
9.05900e-06;-0.0027861646099740403
9.05925e-06;-0.002791541554292459
9.05950e-06;-0.002796918498610841
9.05975e-06;-0.0028022954429292595
9.06000e-06;-0.002807672387247678
9.06025e-06;-0.0028130493315660604
9.06050e-06;-0.002818426275884479
9.06075e-06;-0.0028238032202028973
9.06100e-06;-0.0028291801645212796
9.06125e-06;-0.0028345571088396982
9.06150e-06;-0.0028457825878838434
9.06175e-06;-0.002859724812788644
9.06200e-06;-0.0028736670376935387
9.06225e-06;-0.0028876092625984336
9.06250e-06;-0.002901551487503234
9.06275e-06;-0.0029154937124081285
9.06300e-06;-0.0029294359373130234
9.06325e-06;-0.0029433781622178238
9.06350e-06;-0.0029573203871227187
9.06375e-06;-0.0029712626120276136
9.06400e-06;-0.0029854741509900036
9.06425e-06;-0.002999810791005248
9.06450e-06;-0.0030141474310204927
9.06475e-06;-0.00302848407103564
9.06500e-06;-0.0030428207110508847
9.06525e-06;-0.003057157351066129
9.06550e-06;-0.0030714939910812763
9.06575e-06;-0.003085830631096521
9.06600e-06;-0.0031001672711117654
9.06625e-06;-0.003114503911126913
9.06650e-06;-0.0031373815327073993
9.06675e-06;-0.003164226588424358
9.06700e-06;-0.003191071644141135
9.06725e-06;-0.003217916699858094
9.06750e-06;-0.0032447617555750527
9.06775e-06;-0.0032716068112920117
9.06800e-06;-0.003298451867008789
9.06825e-06;-0.0033252969227257475
9.06850e-06;-0.0033521419784427065
9.06875e-06;-0.003378987034159484
9.06900e-06;-0.0034058320898764424
9.06925e-06;-0.003448376576900783
9.06950e-06;-0.0034982137221774906
9.06975e-06;-0.003548050867454536
9.07000e-06;-0.0035978880127315806
9.07025e-06;-0.003647725158008288
9.07050e-06;-0.0036975623032853328
9.07075e-06;-0.003747399448562378
9.07100e-06;-0.0037972365938390854
9.07125e-06;-0.00384707373911613
9.07150e-06;-0.003896910884393175
9.07175e-06;-0.003946748029669883
9.07200e-06;-0.004003289732843413
9.07225e-06;-0.004062945819495131
9.07250e-06;-0.004122601906146444
9.07275e-06;-0.004182257992798162
9.07300e-06;-0.00424191407944988
9.07325e-06;-0.004301570166101194
9.07350e-06;-0.004361226252752912
9.07375e-06;-0.0044208823394046295
9.07400e-06;-0.0044788769668471975
9.07425e-06;-0.004529445043464775
9.07450e-06;-0.004580013120082352
9.07475e-06;-0.004630581196699587
9.07500e-06;-0.004681149273317165
9.07525e-06;-0.0047317173499347425
9.07550e-06;-0.004782285426551977
9.07575e-06;-0.0048328535031695544
9.07600e-06;-0.004883421579787132
9.07625e-06;-0.004917480290257153
9.07650e-06;-0.004943870113685196
9.07675e-06;-0.004970259937113418
9.07700e-06;-0.004996649760541641
9.07725e-06;-0.005023039583969684
9.07750e-06;-0.005049429407397906
9.07775e-06;-0.005075819230826128
9.07800e-06;-0.005102209054254171
9.07825e-06;-0.005128598877682394
9.07850e-06;-0.005154988701110616
9.07875e-06;-0.0051813785245386585
9.07900e-06;-0.005207768347966881
9.07925e-06;-0.005234158171395103
9.07950e-06;-0.005260547994823147
9.07975e-06;-0.00527330050658565
9.08000e-06;-0.005279718250447325
9.08025e-06;-0.005286135994308957
9.08050e-06;-0.0052925537381706324
9.08075e-06;-0.005298971482032308
9.08100e-06;-0.00530538922589394
9.08125e-06;-0.005311806969755615
9.08150e-06;-0.00531822471361729
9.08175e-06;-0.005324642457478922
9.08200e-06;-0.005331060201340597
9.08225e-06;-0.0053374779452022725
9.08250e-06;-0.0053438956890639044
9.08275e-06;-0.00535031343292558
9.08300e-06;-0.005356731176787255
9.08325e-06;-0.005359489929880052
9.08350e-06;-0.005360549018270373
9.08375e-06;-0.0053616081066606945
9.08400e-06;-0.005362667195051008
9.08425e-06;-0.0053637262834413295
9.08450e-06;-0.005364785371831651
9.08475e-06;-0.005365844460221972
9.08500e-06;-0.005366903548612287
9.08525e-06;-0.0053673576342600495
9.08550e-06;-0.005367530685635945
9.08575e-06;-0.00536770373701184
9.08600e-06;-0.005367876788387736
9.08625e-06;-0.005368049839763632
9.08650e-06;-0.0053682228911395265
9.08675e-06;-0.005368395942515422
9.08700e-06;-0.005368568993891319
9.08725e-06;-0.005357673030105209
9.08750e-06;-0.005341635316707567
9.08775e-06;-0.005325597603309924
9.08800e-06;-0.00530955988991239
9.08825e-06;-0.005293522176514747
9.08850e-06;-0.005277484463117104
9.08875e-06;-0.00526144674971957
9.08900e-06;-0.005245409036321928
9.08925e-06;-0.0052293713229242846
9.08950e-06;-0.005213333609526751
9.08975e-06;-0.005197295896129108
9.09000e-06;-0.005167777882496424
9.09025e-06;-0.005131998035495179
9.09050e-06;-0.005096218188493692
9.09075e-06;-0.005060438341492204
9.09100e-06;-0.005024658494490959
9.09125e-06;-0.004988878647489471
9.09150e-06;-0.004953098800487984
9.09175e-06;-0.004917318953486739
9.09200e-06;-0.004881539106485251
9.09225e-06;-0.004845759259483763
9.09250e-06;-0.0048099794124825184
9.09275e-06;-0.0047718020848690375
9.09300e-06;-0.004732511085910158
9.09325e-06;-0.004693220086951279
9.09350e-06;-0.004653929087992666
9.09375e-06;-0.004614638089033787
9.09400e-06;-0.004575347090074908
9.09425e-06;-0.004536056091116295
9.09450e-06;-0.004496765092157417
9.09475e-06;-0.004457474093198538
9.09500e-06;-0.004429295204933444
9.09525e-06;-0.004406278084903252
9.09550e-06;-0.004383260964873062
9.09575e-06;-0.004360243844843026
9.09600e-06;-0.004337226724812835
9.09625e-06;-0.0043142096047826435
9.09650e-06;-0.004291192484752609
9.09675e-06;-0.004268175364722417
9.09700e-06;-0.004245158244692226
9.09725e-06;-0.004241233857525458
9.09750e-06;-0.004246178376072631
9.09775e-06;-0.004251122894619803
9.09800e-06;-0.004256067413166942
9.09825e-06;-0.004261011931714115
9.09850e-06;-0.004265956450261288
9.09875e-06;-0.004270900968808427
9.09900e-06;-0.004275845487355599
9.09925e-06;-0.004280790005902772
9.09950e-06;-0.004285734524449911
9.09975e-06;-0.004290679042997084
9.10000e-06;-0.004311944016552112
9.10025e-06;-0.004340790124652583
9.10050e-06;-0.0043696362327532495
9.10075e-06;-0.004398482340853916
9.10100e-06;-0.004427328448954387
9.10125e-06;-0.004456174557055054
9.10150e-06;-0.004485020665155721
9.10175e-06;-0.004513866773256387
9.10200e-06;-0.004542712881356858
9.10225e-06;-0.0045715589894575245
9.10250e-06;-0.004600405097558191
9.10275e-06;-0.004633815517130641
9.10300e-06;-0.004669346138582632
9.10325e-06;-0.004704876760034623
9.10350e-06;-0.004740407381486373
9.10375e-06;-0.004775938002938364
9.10400e-06;-0.004811468624390355
9.10425e-06;-0.004846999245842105
9.10450e-06;-0.004882529867294096
9.10475e-06;-0.004918060488746087
9.10500e-06;-0.004953591110197837
9.10525e-06;-0.004986815442449513
9.10550e-06;-0.005009730900490092
9.10575e-06;-0.005032646358530514
9.10600e-06;-0.005055561816571092
9.10625e-06;-0.00507847727461167
9.10650e-06;-0.005101392732652093
9.10675e-06;-0.005124308190692671
9.10700e-06;-0.005147223648733249
9.10725e-06;-0.005170139106773672
9.10750e-06;-0.00519305456481425
9.10775e-06;-0.005215970022854828
9.10800e-06;-0.005224484601726648
9.10825e-06;-0.005226309722337146
9.10850e-06;-0.005228134842947644
9.10875e-06;-0.005229959963558128
9.10900e-06;-0.005231785084168626
9.10925e-06;-0.005233610204779124
9.10950e-06;-0.005235435325389609
9.10975e-06;-0.005237260446000106
9.11000e-06;-0.005239085566610604
9.11025e-06;-0.005240910687221089
9.11050e-06;-0.0052427358078315865
9.11075e-06;-0.005244560928442083
9.11100e-06;-0.005236910375434284
9.11125e-06;-0.005224858207606468
9.11150e-06;-0.005212806039778571
9.11175e-06;-0.005200753871950672
9.11200e-06;-0.005188701704122856
9.11225e-06;-0.005176649536294958
9.11250e-06;-0.00516459736846706
9.11275e-06;-0.005152545200639244
9.11300e-06;-0.005140493032811346
9.11325e-06;-0.0051284408649834475
9.11350e-06;-0.005116388697155631
9.11375e-06;-0.005104336529327734
9.11400e-06;-0.005095087718401886
9.11425e-06;-0.005087141115401766
9.11450e-06;-0.005079194512401594
9.11475e-06;-0.0050712479094014214
9.11500e-06;-0.005063301306401303
9.11525e-06;-0.00505535470340113
9.11550e-06;-0.005047408100400957
9.11575e-06;-0.005039461497400839
9.11600e-06;-0.0050315148944006655
9.11625e-06;-0.005023568291400493
9.11650e-06;-0.0050156216884003745
9.11675e-06;-0.005007675085400201
9.11700e-06;-0.0050040740033191035
9.11725e-06;-0.005019896950344312
9.11750e-06;-0.005035719897369628
9.11775e-06;-0.005051542844394945
9.11800e-06;-0.005067365791420154
9.11825e-06;-0.00508318873844547
9.11850e-06;-0.0050990116854707866
9.11875e-06;-0.005114834632495995
9.11900e-06;-0.005130657579521311
9.11925e-06;-0.005146480526546628
9.11950e-06;-0.005162303473571944
9.11975e-06;-0.0051781264205971525
9.12000e-06;-0.005193949367622469
9.12025e-06;-0.005224156061077139
9.12050e-06;-0.005261044254339828
9.12075e-06;-0.005297932447602768
9.12100e-06;-0.005334820640865707
9.12125e-06;-0.005371708834128397
9.12150e-06;-0.005408597027391336
9.12175e-06;-0.005445485220654275
9.12200e-06;-0.0054823734139169645
9.12225e-06;-0.005519261607179904
9.12250e-06;-0.005556149800442843
9.12275e-06;-0.0055935255177797
9.12300e-06;-0.005633416213696624
9.12325e-06;-0.005673306909613547
9.12350e-06;-0.0057131976055302
9.12375e-06;-0.005753088301447124
9.12400e-06;-0.005792978997364047
9.12425e-06;-0.0058328696932807
9.12450e-06;-0.005872760389197623
9.12475e-06;-0.005912651085114547
9.12500e-06;-0.0059525417810312
9.12525e-06;-0.005992432476948123
9.12550e-06;-0.0060210400965549455
9.12575e-06;-0.00604335389024432
9.12600e-06;-0.006065667683933845
9.12625e-06;-0.006087981477623371
9.12650e-06;-0.006110295271312745
9.12675e-06;-0.00613260906500227
9.12700e-06;-0.006154922858691795
9.12725e-06;-0.006177236652381169
9.12750e-06;-0.006199550446070694
9.12775e-06;-0.00622186423976022
9.12800e-06;-0.006244178033449745
9.12825e-06;-0.006266491827139119
9.12850e-06;-0.006288805620828644
9.12875e-06;-0.00631111941451817
9.12900e-06;-0.006333433208207544
9.12925e-06;-0.0063557470018970694
9.12950e-06;-0.0063780607955865945
9.12975e-06;-0.00639654697228696
9.13000e-06;-0.006403808067525333
9.13025e-06;-0.0064110691627637054
9.13050e-06;-0.006418330258002029
9.13075e-06;-0.006425591353240403
9.13100e-06;-0.006432852448478775
9.13125e-06;-0.006440113543717099
9.13150e-06;-0.0064473746389554715
9.13175e-06;-0.006454635734193845
9.13200e-06;-0.006461896829432169
9.13225e-06;-0.006469157924670541
9.13250e-06;-0.0064764190199089145
9.13275e-06;-0.0064836801151472384
9.13300e-06;-0.006490941210385611
9.13325e-06;-0.006498202305623984
9.13350e-06;-0.006505463400862307
9.13375e-06;-0.006512724496100681
9.13400e-06;-0.006519985591339053
9.13425e-06;-0.0065238991028894605
9.13450e-06;-0.006527297464470808
9.13475e-06;-0.006530695826052154
9.13500e-06;-0.006534094187633478
9.13525e-06;-0.0065374925492148244
9.13550e-06;-0.006540890910796171
9.13575e-06;-0.006544289272377495
9.13600e-06;-0.006547687633958841
9.13625e-06;-0.0065510859955401875
9.13650e-06;-0.006554484357121534
9.13675e-06;-0.006557882718702858
9.13700e-06;-0.006561281080284204
9.13725e-06;-0.0065646794418655514
9.13750e-06;-0.006563102886368653
9.13775e-06;-0.006552932153985273
9.13800e-06;-0.006542761421601893
9.13825e-06;-0.006532590689218583
9.13850e-06;-0.006522419956835203
9.13875e-06;-0.006512249224451823
9.13900e-06;-0.006502078492068512
9.13925e-06;-0.006491907759685132
9.13950e-06;-0.0064817370273017524
9.13975e-06;-0.006471566294918441
9.14000e-06;-0.006461395562535061
9.14025e-06;-0.006451224830151681
9.14050e-06;-0.0064410540977683705
9.14075e-06;-0.006430883365384991
9.14100e-06;-0.006410099937299333
9.14125e-06;-0.006387683352174455
9.14150e-06;-0.006365266767049426
9.14175e-06;-0.006342850181924397
9.14200e-06;-0.006320433596799521
9.14225e-06;-0.006298017011674492
9.14250e-06;-0.0062756004265494625
9.14275e-06;-0.006253183841424585
9.14300e-06;-0.006230767256299556
9.14325e-06;-0.006208350671174527
9.14350e-06;-0.00618593408604965
9.14375e-06;-0.006163517500924621
9.14400e-06;-0.0061464151461253095
9.14425e-06;-0.006130130582857195
9.14450e-06;-0.006113846019588971
9.14475e-06;-0.006097561456320746
9.14500e-06;-0.006081276893052522
9.14525e-06;-0.006064992329784408
9.14550e-06;-0.006048707766516183
9.14575e-06;-0.0060324232032479596
9.14600e-06;-0.006016138639979845
9.14625e-06;-0.005999854076711621
9.14650e-06;-0.0059835695134433965
9.14675e-06;-0.005967284950175282
9.14700e-06;-0.005961863573907977
9.14725e-06;-0.00595811390206211
9.14750e-06;-0.005954364230216269
9.14775e-06;-0.005950614558370403
9.14800e-06;-0.005946864886524536
9.14825e-06;-0.005943115214678695
9.14850e-06;-0.005939365542832828
9.14875e-06;-0.005935615870986961
9.14900e-06;-0.00593186619914112
9.14925e-06;-0.005928116527295253
9.14950e-06;-0.005924366855449387
9.14975e-06;-0.005920617183603545
9.15000e-06;-0.005916867511757679
9.15025e-06;-0.005913117839911813
9.15050e-06;-0.005909368168065971
9.15075e-06;-0.005905618496220105
9.15100e-06;-0.0059018688243742375
9.15125e-06;-0.0058981191525283964
9.15150e-06;-0.00589436948068253
9.15175e-06;-0.005892954984676237
9.15200e-06;-0.005895574508517822
9.15225e-06;-0.005898194032359426
9.15250e-06;-0.005900813556201028
9.15275e-06;-0.005903433080042614
9.15300e-06;-0.005906052603884217
9.15325e-06;-0.00590867212772582
9.15350e-06;-0.005911291651567422
9.15375e-06;-0.005913911175409008
9.15400e-06;-0.005916530699250611
9.15425e-06;-0.005919150223092214
9.15450e-06;-0.005921769746933799
9.15475e-06;-0.005924389270775402
9.15500e-06;-0.005927008794617005
9.15525e-06;-0.00592962831845859
9.15550e-06;-0.005932247842300193
9.15575e-06;-0.0059348673661417965
9.15600e-06;-0.005937486889983382
9.15625e-06;-0.005940106413824984
9.15650e-06;-0.005942725937666587
9.15675e-06;-0.005954572159215584
9.15700e-06;-0.0059678382505836125
9.15725e-06;-0.005981104341951641
9.15750e-06;-0.005994370433319579
9.15775e-06;-0.006007636524687607
9.15800e-06;-0.006020902616055635
9.15825e-06;-0.006034168707423573
9.15850e-06;-0.006047434798791601
9.15875e-06;-0.00606070089015963
9.15900e-06;-0.006073966981527568
9.15925e-06;-0.006087233072895596
9.15950e-06;-0.006100499164263624
9.15975e-06;-0.006113765255631562
9.16000e-06;-0.00612703134699959
9.16025e-06;-0.006149461826153758
9.16050e-06;-0.0061733025864335765
9.16075e-06;-0.006197143346713555
9.16100e-06;-0.006220984106993534
9.16125e-06;-0.006244824867273352
9.16150e-06;-0.006268665627553331
9.16175e-06;-0.0062925063878333095
9.16200e-06;-0.006316347148113289
9.16225e-06;-0.006340187908393106
9.16250e-06;-0.0063640286686730855
9.16275e-06;-0.006387869428953064
9.16300e-06;-0.006411710189232882
9.16325e-06;-0.006435550949512861
9.16350e-06;-0.00645939170979284
9.16375e-06;-0.006481504348450901
9.16400e-06;-0.006503351051471757
9.16425e-06;-0.006525197754492612
9.16450e-06;-0.00654704445751332
9.16475e-06;-0.006568891160534176
9.16500e-06;-0.0065907378635550315
9.16525e-06;-0.00661258456657574
9.16550e-06;-0.006634431269596596
9.16575e-06;-0.006656277972617451
9.16600e-06;-0.006678124675638159
9.16625e-06;-0.006699971378659015
9.16650e-06;-0.00672181808167987
9.16675e-06;-0.006743664784700578
9.16700e-06;-0.006765511487721434
9.16725e-06;-0.006787358190742289
9.16750e-06;-0.006809204893762997
9.16775e-06;-0.006831221873371718
9.16800e-06;-0.006853265056351987
9.16825e-06;-0.006875308239332107
9.16850e-06;-0.006897351422312376
9.16875e-06;-0.006919394605292646
9.16900e-06;-0.006941437788272766
9.16925e-06;-0.006963480971253035
9.16950e-06;-0.006985524154233304
9.16975e-06;-0.007007567337213423
9.17000e-06;-0.007029610520193692
9.17025e-06;-0.0070516537031739615
9.17050e-06;-0.007073696886154231
9.17075e-06;-0.007095740069134351
9.17100e-06;-0.00711778325211462
9.17125e-06;-0.007139826435094889
9.17150e-06;-0.007161869618075009
9.17175e-06;-0.007185915041187528
9.17200e-06;-0.007210268583242221
9.17225e-06;-0.007234622125296749
9.17250e-06;-0.007258975667351442
9.17275e-06;-0.007283329209406135
9.17300e-06;-0.007307682751460663
9.17325e-06;-0.007332036293515355
9.17350e-06;-0.0073563898355700486
9.17375e-06;-0.007380743377624576
9.17400e-06;-0.007405096919679269
9.17425e-06;-0.0074294504617339625
9.17450e-06;-0.00745380400378849
9.17475e-06;-0.007471109088869595
9.17500e-06;-0.007487329507295493
9.17525e-06;-0.007503549925721281
9.17550e-06;-0.007519770344147178
9.17575e-06;-0.007535990762573076
9.17600e-06;-0.007552211180998864
9.17625e-06;-0.007568431599424761
9.17650e-06;-0.007584652017850659
9.17675e-06;-0.007600872436276447
9.17700e-06;-0.007617092854702345
9.17725e-06;-0.007633313273128242
9.17750e-06;-0.00764953369155403
9.17775e-06;-0.0076483995808026
9.17800e-06;-0.007644594831755381
9.17825e-06;-0.007640790082708187
9.17850e-06;-0.007636985333660968
9.17875e-06;-0.00763318058461375
9.17900e-06;-0.007629375835566531
9.17925e-06;-0.007625571086519337
9.17950e-06;-0.007621766337472118
9.17975e-06;-0.0076179615884248994
9.18000e-06;-0.007614156839377706
9.18025e-06;-0.007610352090330487
9.18050e-06;-0.00759296171798266
9.18075e-06;-0.007573480693362572
9.18100e-06;-0.007553999668742352
9.18125e-06;-0.007534518644122132
9.18150e-06;-0.007515037619502044
9.18175e-06;-0.007495556594881824
9.18200e-06;-0.007476075570261604
9.18225e-06;-0.007456594545641517
9.18250e-06;-0.007437113521021297
9.18275e-06;-0.007417632496401077
9.18300e-06;-0.007398151471780989
9.18325e-06;-0.007378218361734183
9.18350e-06;-0.007358215681568757
9.18375e-06;-0.007338213001403465
9.18400e-06;-0.007318210321238038
9.18425e-06;-0.007298207641072611
9.18450e-06;-0.007278204960907319
9.18475e-06;-0.0072582022807418925
9.18500e-06;-0.007238199600576465
9.18525e-06;-0.007218196920411174
9.18550e-06;-0.007198194240245747
9.18575e-06;-0.007182740538426247
9.18600e-06;-0.007175145203692058
9.18625e-06;-0.007167549868957818
9.18650e-06;-0.007159954534223577
9.18675e-06;-0.007152359199489388
9.18700e-06;-0.007144763864755148
9.18725e-06;-0.0071371685300209075
9.18750e-06;-0.007129573195286667
9.18775e-06;-0.007121977860552478
9.18800e-06;-0.007114382525818238
9.18825e-06;-0.007106787191083997
9.18850e-06;-0.007109978079039265
9.18875e-06;-0.007114828827605156
9.18900e-06;-0.007119679576171048
9.18925e-06;-0.007124530324736906
9.18950e-06;-0.007129381073302798
9.18975e-06;-0.007134231821868689
9.19000e-06;-0.007139082570434547
9.19025e-06;-0.007143933319000439
9.19050e-06;-0.00714878406756633
9.19075e-06;-0.007153634816132189
9.19100e-06;-0.00715848556469808
9.19125e-06;-0.0071633363132639705
9.19150e-06;-0.007168187061829829
9.19175e-06;-0.00717303781039572
9.19200e-06;-0.007177888558961612
9.19225e-06;-0.00718483898838501
9.19250e-06;-0.007195416619718201
9.19275e-06;-0.007205994251051392
9.19300e-06;-0.0072165718823845116
9.19325e-06;-0.0072271495137177025
9.19350e-06;-0.007237727145050894
9.19375e-06;-0.007248304776384013
9.19400e-06;-0.007258882407717205
9.19425e-06;-0.007269460039050396
9.19450e-06;-0.007280037670383516
9.19475e-06;-0.007290615301716707
9.19500e-06;-0.0073011929330498975
9.19525e-06;-0.007311770564383017
9.19550e-06;-0.007322348195716208
9.19575e-06;-0.007332925827049399
9.19600e-06;-0.007343503458382591
9.19625e-06;-0.007357653544019987
9.19650e-06;-0.007372353384317288
9.19675e-06;-0.00738705322461459
9.19700e-06;-0.007401753064911792
9.19725e-06;-0.007416452905209093
9.19750e-06;-0.007431152745506395
9.19775e-06;-0.00745428239089122
9.19800e-06;-0.007478709274598663
9.19825e-06;-0.0075031361583061075
9.19850e-06;-0.007527563042013386
9.19875e-06;-0.007551989925720829
9.19900e-06;-0.007576416809428273
9.19925e-06;-0.007606615660018615
9.19950e-06;-0.007644691895905712
9.19975e-06;-0.007683843672487714
9.20000e-06;-0.007722995449069452
9.20025e-06;-0.007762147225651455
9.20050e-06;-0.007801299002233457
9.20075e-06;-0.007840450778815193
9.20100e-06;-0.007879602555397196
9.20125e-06;-0.0079187543319792
9.20150e-06;-0.007957906108560937
9.20175e-06;-0.00799705788514294
9.20200e-06;-0.008042002667472896
9.20225e-06;-0.008087838918701632
9.20250e-06;-0.00813367516993068
9.20275e-06;-0.008179511421159727
9.20300e-06;-0.008225347672388465
9.20325e-06;-0.008271183923617514
9.20350e-06;-0.00831702017484656
9.20375e-06;-0.008362856426075298
9.20400e-06;-0.008408692677304345
9.20425e-06;-0.008454528928533394
9.20450e-06;-0.008491028039991287
9.20475e-06;-0.008526090286015683
9.20500e-06;-0.008561152532040315
9.20525e-06;-0.008596214778064947
9.20550e-06;-0.008631277024089341
9.20575e-06;-0.008666339270113975
9.20600e-06;-0.008701401516138607
9.20625e-06;-0.008736463762163001
9.20650e-06;-0.008771526008187635
9.20675e-06;-0.008806588254212266
9.20700e-06;-0.00881916097587499
9.20725e-06;-0.008828272849680525
9.20750e-06;-0.00883738472348606
9.20775e-06;-0.008846496597291533
9.20800e-06;-0.008855608471097069
9.20825e-06;-0.008864720344902604
9.20850e-06;-0.008873832218708078
9.20875e-06;-0.008882944092513613
9.20900e-06;-0.008892055966319147
9.20925e-06;-0.008901167840124622
9.20950e-06;-0.008888438950682706
9.20975e-06;-0.00887234904935462
9.21000e-06;-0.008856259148026641
9.21025e-06;-0.008840169246698554
9.21050e-06;-0.008824079345370467
9.21075e-06;-0.008807989444042489
9.21100e-06;-0.008791899542714404
9.21125e-06;-0.008775809641386316
9.21150e-06;-0.008759719740058338
9.21175e-06;-0.008743629838730251
9.21200e-06;-0.008717626757811774
9.21225e-06;-0.008690098166357914
9.21250e-06;-0.008662569574903866
9.21275e-06;-0.008635040983449818
9.21300e-06;-0.00860751239199577
9.21325e-06;-0.00857998380054191
9.21350e-06;-0.008552455209087862
9.21375e-06;-0.008524926617633814
9.21400e-06;-0.008497398026179952
9.21425e-06;-0.008469869434725904
9.21450e-06;-0.008452657535533087
9.21475e-06;-0.00843703324227398
9.21500e-06;-0.00842140894901477
9.21525e-06;-0.008405784655755557
9.21550e-06;-0.008390160362496452
9.21575e-06;-0.00837453606923724
9.21600e-06;-0.008358911775978027
9.21625e-06;-0.008343287482718922
9.21650e-06;-0.008327663189459709
9.21675e-06;-0.008312038896200497
9.21700e-06;-0.008296414602941391
9.21725e-06;-0.008280790309682179
9.21750e-06;-0.008265166016422968
9.21775e-06;-0.008249541723163861
9.21800e-06;-0.008233917429904649
9.21825e-06;-0.008218293136645438
9.21850e-06;-0.008202668843386331
9.21875e-06;-0.008191448399788134
9.21900e-06;-0.008187835613256684
9.21925e-06;-0.00818422282672526
9.21950e-06;-0.008180610040193813
9.21975e-06;-0.008176997253662364
9.22000e-06;-0.00817338446713094
9.22025e-06;-0.008169771680599493
9.22050e-06;-0.008166158894068043
9.22075e-06;-0.00816254610753662
9.22100e-06;-0.00815893332100517
9.22125e-06;-0.008155320534473723
9.22150e-06;-0.008151707747942275
9.22175e-06;-0.00814809496141085
9.22200e-06;-0.008144482174879402
9.22225e-06;-0.008140869388347955
9.22250e-06;-0.00813725660181653
9.22275e-06;-0.008133643815285082
9.22300e-06;-0.008130031028753633
9.22325e-06;-0.008132303718809807
9.22350e-06;-0.008135482107836378
9.22375e-06;-0.008138660496862947
9.22400e-06;-0.008141838885889496
9.22425e-06;-0.008145017274916067
9.22450e-06;-0.008148195663942637
9.22475e-06;-0.008151374052969186
9.22500e-06;-0.008154552441995755
9.22525e-06;-0.008157730831022326
9.22550e-06;-0.008160909220048874
9.22575e-06;-0.008164087609075445
9.22600e-06;-0.008167265998102014
9.22625e-06;-0.008170444387128563
9.22650e-06;-0.008173622776155133
9.22675e-06;-0.008176801165181703
9.22700e-06;-0.008179979554208253
9.22725e-06;-0.008183157943234822
9.22750e-06;-0.008186336332261393
9.22775e-06;-0.008189514721287941
9.22800e-06;-0.00819269311031451
9.22825e-06;-0.008195871499341081
9.22850e-06;-0.00819904988836763
9.22875e-06;-0.0082022282773942
9.22900e-06;-0.00820540666642077
9.22925e-06;-0.008208585055447318
9.22950e-06;-0.008211763444473889
9.22975e-06;-0.008219954840813988
9.23000e-06;-0.008228917674351497
9.23025e-06;-0.008237880507888946
9.23050e-06;-0.008246843341426455
9.23075e-06;-0.008255806174963966
9.23100e-06;-0.008264769008501415
9.23125e-06;-0.008273731842038924
9.23150e-06;-0.008282694675576435
9.23175e-06;-0.008291657509113884
9.23200e-06;-0.008300620342651393
9.23225e-06;-0.008309583176188904
9.23250e-06;-0.008318546009726353
9.23275e-06;-0.008327508843263862
9.23300e-06;-0.008336471676801372
9.23325e-06;-0.008345434510338822
9.23350e-06;-0.008354397343876331
9.23375e-06;-0.00836336017741384
9.23400e-06;-0.008372323010951291
9.23425e-06;-0.0083812858444888
9.23450e-06;-0.00839024867802631
9.23475e-06;-0.00839921151156376
9.23500e-06;-0.00840817434510127
9.23525e-06;-0.008417137178638779
9.23550e-06;-0.008426100012176228
9.23575e-06;-0.008435062845713739
9.23600e-06;-0.008444025679251248
9.23625e-06;-0.008459292529511688
9.23650e-06;-0.008475529486674307
9.23675e-06;-0.008491766443836927
9.23700e-06;-0.008508003400999435
9.23725e-06;-0.008524240358162053
9.23750e-06;-0.008540477315324672
9.23775e-06;-0.00855671427248718
9.23800e-06;-0.0085729512296498
9.23825e-06;-0.008589188186812417
9.23850e-06;-0.008605425143975037
9.23875e-06;-0.008634867594061771
9.23900e-06;-0.008666342199264446
9.23925e-06;-0.008697816804467122
9.23950e-06;-0.008729291409669583
9.23975e-06;-0.008760766014872258
9.24000e-06;-0.008792240620074932
9.24025e-06;-0.008823715225277393
9.24050e-06;-0.00885518983048007
9.24075e-06;-0.008886664435682744
9.24100e-06;-0.008918139040885205
9.24125e-06;-0.008958197856609538
9.24150e-06;-0.008999577671665749
9.24175e-06;-0.009040957486721679
9.24200e-06;-0.009082337301777888
9.24225e-06;-0.0091237171168341
9.24250e-06;-0.00916509693189003
9.24275e-06;-0.00920647674694624
9.24300e-06;-0.00924785656200245
9.24325e-06;-0.00928923637705838
9.24350e-06;-0.009330616192114592
9.24375e-06;-0.009369994813116258
9.24400e-06;-0.009405916368305874
9.24425e-06;-0.009441837923495733
9.24450e-06;-0.009477759478685592
9.24475e-06;-0.009513681033875208
9.24500e-06;-0.009549602589065067
9.24525e-06;-0.009585524144254927
9.24550e-06;-0.009621445699444543
9.24575e-06;-0.009657367254634402
9.24600e-06;-0.009693288809824261
9.24625e-06;-0.009729210365013877
9.24650e-06;-0.00975268070378539
9.24675e-06;-0.009774234960870076
9.24700e-06;-0.00979578921795476
9.24725e-06;-0.009817343475039297
9.24750e-06;-0.00983889773212398
9.24775e-06;-0.009860451989208664
9.24800e-06;-0.009882006246293202
9.24825e-06;-0.009903560503377885
9.24850e-06;-0.009925114760462568
9.24875e-06;-0.009946669017547106
9.24900e-06;-0.00996822327463179
9.24925e-06;-0.009989777531716473
9.24950e-06;-0.01001133178880101
9.24975e-06;-0.010032886045885694
