Time(s);Current(A)
5.00000e-06;0.00645463104837261
5.00025e-06;0.006475433454774077
5.00050e-06;0.006496235861175616
5.00075e-06;0.006517038267577082
5.00100e-06;0.00653784067397855
5.00125e-06;0.006558643080380087
5.00150e-06;0.006579445486781555
5.00175e-06;0.006600247893183022
5.00200e-06;0.00662105029958456
5.00225e-06;0.006641852705986028
5.00250e-06;0.006662655112387495
5.00275e-06;0.006683457518789033
5.00300e-06;0.0067042599251905
5.00325e-06;0.006714678142593756
5.00350e-06;0.006724150488209093
5.00375e-06;0.006733622833824398
5.00400e-06;0.006743095179439735
5.00425e-06;0.0067525675250550395
5.00450e-06;0.006762039870670344
5.00475e-06;0.006771512216285682
5.00500e-06;0.006780984561900986
5.00525e-06;0.006790456907516291
5.00550e-06;0.006799929253131627
5.00575e-06;0.006809401598746932
5.00600e-06;0.006818873944362237
5.00625e-06;0.006828346289977574
5.00650e-06;0.0068378186355928785
5.00675e-06;0.006847290981208183
5.00700e-06;0.006856763326823521
5.00725e-06;0.006866235672438825
5.00750e-06;0.00687570801805413
5.00775e-06;0.006885180363669466
5.00800e-06;0.006894652709284772
5.00825e-06;0.006899224126396207
5.00850e-06;0.0068969300063127115
5.00875e-06;0.006894635886229216
5.00900e-06;0.0068923417661457135
5.00925e-06;0.006890047646062218
5.00950e-06;0.006887753525978723
5.00975e-06;0.00688545940589522
5.01000e-06;0.006883165285811725
5.01025e-06;0.00688087116572823
5.01050e-06;0.006878577045644728
5.01075e-06;0.006876282925561233
5.01100e-06;0.006873988805477738
5.01125e-06;0.006871694685394235
5.01150e-06;0.0068694005653107395
5.01175e-06;0.006867106445227244
5.01200e-06;0.0068648123251437414
5.01225e-06;0.006862518205060246
5.01250e-06;0.006860224084976743
5.01275e-06;0.006857929964893248
5.01300e-06;0.006855635844809753
5.01325e-06;0.006853341724726251
5.01350e-06;0.006847917395452734
5.01375e-06;0.006842207942655198
5.01400e-06;0.006836498489857642
5.01425e-06;0.006830789037060105
5.01450e-06;0.006825079584262569
5.01475e-06;0.006819370131465013
5.01500e-06;0.006813660678667477
5.01525e-06;0.00680795122586994
5.01550e-06;0.006802241773072384
5.01575e-06;0.006796532320274848
5.01600e-06;0.006790822867477312
5.01625e-06;0.006780058407219436
5.01650e-06;0.006762212566013796
5.01675e-06;0.0067443667248080945
5.01700e-06;0.006726520883602453
5.01725e-06;0.0067086750423968125
5.01750e-06;0.00669082920119111
5.01775e-06;0.00667298335998547
5.01800e-06;0.006655137518779828
5.01825e-06;0.006637291677574127
5.01850e-06;0.0066194458363684865
5.01875e-06;0.006601599995162845
5.01900e-06;0.006583754153957144
5.01925e-06;0.006556629011952211
5.01950e-06;0.006528658639873892
5.01975e-06;0.006500688267795478
5.02000e-06;0.006472717895717159
5.02025e-06;0.006444747523638839
5.02050e-06;0.006416777151560425
5.02075e-06;0.006388806779482106
5.02100e-06;0.006360836407403691
5.02125e-06;0.006332866035325372
5.02150e-06;0.006304895663247052
5.02175e-06;0.006276925291168639
5.02200e-06;0.006248954919090319
5.02225e-06;0.0062253211226917975
5.02250e-06;0.006202082334953733
5.02275e-06;0.006178843547215748
5.02300e-06;0.006155604759477763
5.02325e-06;0.006132365971739699
5.02350e-06;0.006109127184001713
5.02375e-06;0.006085888396263728
5.02400e-06;0.006062649608525664
5.02425e-06;0.006039410820787678
5.02450e-06;0.0060161720330496925
5.02475e-06;0.005992933245311628
5.02500e-06;0.005969694457573643
5.02525e-06;0.005954814401357564
5.02550e-06;0.005940695722685815
5.02575e-06;0.0059265770440140655
5.02600e-06;0.005912458365342269
5.02625e-06;0.00589833968667052
5.02650e-06;0.005884221007998771
5.02675e-06;0.005870102329326974
5.02700e-06;0.005855983650655225
5.02725e-06;0.005841864971983476
5.02750e-06;0.005827746293311679
5.02775e-06;0.00581362761463993
5.02800e-06;0.005799508935968181
5.02825e-06;0.005785390257296384
5.02850e-06;0.005771271578624635
5.02875e-06;0.005757152899952886
5.02900e-06;0.005743034221281089
5.02925e-06;0.0057289155426093405
5.02950e-06;0.005714796863937543
5.02975e-06;0.005700678185265795
5.03000e-06;0.0056904156107404754
5.03025e-06;0.0056805042798334735
5.03050e-06;0.0056705929489265046
5.03075e-06;0.0056606816180195365
5.03100e-06;0.0056507702871125345
5.03125e-06;0.0056408589562055664
5.03150e-06;0.0056309476252985975
5.03175e-06;0.0056210362943915956
5.03200e-06;0.0056111249634846275
5.03225e-06;0.005601213632577659
5.03250e-06;0.0055913023016706575
5.03275e-06;0.0055813909707636885
5.03300e-06;0.00557147963985672
5.03325e-06;0.0055615683089497185
5.03350e-06;0.00555165697804275
5.03375e-06;0.0055417456471357485
5.03400e-06;0.0055318343162287795
5.03425e-06;0.005521922985321811
5.03450e-06;0.0055120116544148095
5.03475e-06;0.005514194682161781
5.03500e-06;0.005517479357097888
5.03525e-06;0.005520764032034007
5.03550e-06;0.005524048706970114
5.03575e-06;0.005527333381906221
5.03600e-06;0.005530618056842339
5.03625e-06;0.005533902731778447
5.03650e-06;0.005537187406714554
5.03675e-06;0.005540472081650673
5.03700e-06;0.00554375675658678
5.03725e-06;0.005547041431522887
5.03750e-06;0.005550326106459005
5.03775e-06;0.005553610781395112
5.03800e-06;0.005556895456331231
5.03825e-06;0.005574411808478405
5.03850e-06;0.005593224491224118
5.03875e-06;0.0056120371739698935
5.03900e-06;0.005630849856715606
5.03925e-06;0.005649662539461318
5.03950e-06;0.005668475222207094
5.03975e-06;0.005687287904952806
5.04000e-06;0.005706100587698518
5.04025e-06;0.0057249132704442944
5.04050e-06;0.005743725953190006
5.04075e-06;0.005762538635935718
5.04100e-06;0.005781351318681494
5.04125e-06;0.0058001640014272065
5.04150e-06;0.005818976684172919
5.04175e-06;0.00583919498045272
5.04200e-06;0.005859541310821936
5.04225e-06;0.005879887641191221
5.04250e-06;0.005900233971560437
5.04275e-06;0.005920580301929653
5.04300e-06;0.005940926632298938
5.04325e-06;0.005961272962668154
5.04350e-06;0.005981619293037369
5.04375e-06;0.006000087265475397
5.04400e-06;0.006015923912803609
5.04425e-06;0.00603176056013182
5.04450e-06;0.006047597207460086
5.04475e-06;0.0060634338547882975
5.04500e-06;0.006079270502116508
5.04525e-06;0.006095107149444774
5.04550e-06;0.006110943796772986
5.04575e-06;0.006126780444101198
5.04600e-06;0.006149111978773932
5.04625e-06;0.0061720351177297714
5.04650e-06;0.006194958256685688
5.04675e-06;0.006217881395641527
5.04700e-06;0.0062408045345973655
5.04725e-06;0.006263727673553282
5.04750e-06;0.006286650812509121
5.04775e-06;0.00630957395146496
5.04800e-06;0.006332497090420877
5.04825e-06;0.006355420229376716
5.04850e-06;0.006378343368332554
5.04875e-06;0.006401266507288471
5.04900e-06;0.006424507527473695
5.04925e-06;0.006455471065109623
5.04950e-06;0.0064864346027456565
5.04975e-06;0.0065173981403815855
5.05000e-06;0.006548361678017514
5.05025e-06;0.006579325215653547
5.05050e-06;0.006610288753289475
5.05075e-06;0.006641252290925509
5.05100e-06;0.006672215828561437
5.05125e-06;0.006703179366197365
5.05150e-06;0.006734142903833399
5.05175e-06;0.006765106441469327
5.05200e-06;0.006796069979105255
5.05225e-06;0.006825642173986581
5.05250e-06;0.006848046467373957
5.05275e-06;0.0068704507607613334
5.05300e-06;0.006892855054148785
5.05325e-06;0.006915259347536161
5.05350e-06;0.0069376636409235375
5.05375e-06;0.006960067934310989
5.05400e-06;0.006982472227698365
5.05425e-06;0.0070048765210857416
5.05450e-06;0.007027280814473194
5.05475e-06;0.00704968510786057
5.05500e-06;0.007072089401248022
5.05525e-06;0.007094493694635398
5.05550e-06;0.007101148808627852
5.05575e-06;0.007099925515680818
5.05600e-06;0.007098702222733788
5.05625e-06;0.007097478929786759
5.05650e-06;0.007096255636839724
5.05675e-06;0.007095032343892695
5.05700e-06;0.007093809050945665
5.05725e-06;0.007092585757998631
5.05750e-06;0.007091362465051601
5.05775e-06;0.007090139172104571
5.05800e-06;0.007088915879157537
5.05825e-06;0.007087692586210507
5.05850e-06;0.007083273502888791
5.05875e-06;0.0070633135526899935
5.05900e-06;0.007043353602491263
5.05925e-06;0.007023393652292466
5.05950e-06;0.007003433702093736
5.05975e-06;0.006983473751895006
5.06000e-06;0.006963513801696209
5.06025e-06;0.006943553851497479
5.06050e-06;0.006923593901298749
5.06075e-06;0.0069036339510999516
5.06100e-06;0.006883674000901222
5.06125e-06;0.006863714050702492
5.06150e-06;0.006843468601325273
5.06175e-06;0.006821834792824208
5.06200e-06;0.006800200984323143
5.06225e-06;0.0067785671758220055
5.06250e-06;0.006756933367320941
5.06275e-06;0.006735299558819876
5.06300e-06;0.0067136657503187374
5.06325e-06;0.006692031941817673
5.06350e-06;0.006670398133316535
5.06375e-06;0.00664876432481547
5.06400e-06;0.0066271305163144055
5.06425e-06;0.006605496707813267
5.06450e-06;0.006584525129380927
5.06475e-06;0.006566773921539633
5.06500e-06;0.006549022713698279
5.06525e-06;0.006531271505856985
5.06550e-06;0.00651352029801569
5.06575e-06;0.006495769090174336
5.06600e-06;0.0064780178823330425
5.06625e-06;0.006460266674491748
5.06650e-06;0.006442515466650394
5.06675e-06;0.0064247642588090995
5.06700e-06;0.006407013050967805
5.06725e-06;0.006389261843126451
5.06750e-06;0.006371510635285157
5.06775e-06;0.006353759427443802
5.06800e-06;0.006335223973135082
5.06825e-06;0.006312874792481391
5.06850e-06;0.006290525611827624
5.06875e-06;0.006268176431173933
5.06900e-06;0.0062458272505202415
5.06925e-06;0.006223478069866475
5.06950e-06;0.0062011288892127835
5.06975e-06;0.006178779708559092
5.07000e-06;0.0061564305279053246
5.07025e-06;0.006134081347251633
5.07050e-06;0.006111732166597942
5.07075e-06;0.006089382985944175
5.07100e-06;0.006067033805290484
5.07125e-06;0.006044684624636793
5.07150e-06;0.006022573808355446
5.07175e-06;0.006001622138496183
5.07200e-06;0.005980670468636849
5.07225e-06;0.005959718798777587
5.07250e-06;0.005938767128918324
5.07275e-06;0.005917815459058991
5.07300e-06;0.005896863789199729
5.07325e-06;0.005875912119340466
5.07350e-06;0.005854960449481132
5.07375e-06;0.0058340087796218704
5.07400e-06;0.005822935919821588
5.07425e-06;0.005816716351600376
5.07450e-06;0.0058104967833791845
5.07475e-06;0.005804277215157993
5.07500e-06;0.00579805764693678
5.07525e-06;0.005791838078715588
5.07550e-06;0.005785618510494397
5.07575e-06;0.005779398942273185
5.07600e-06;0.005773179374051993
5.07625e-06;0.005772196188500319
5.07650e-06;0.0057966771030280384
5.07675e-06;0.005821158017555758
5.07700e-06;0.005845638932083561
5.07725e-06;0.00587011984661128
5.07750e-06;0.005894600761139
5.07775e-06;0.0059190816756668025
5.07800e-06;0.005943562590194522
5.07825e-06;0.005968043504722242
5.07850e-06;0.005992524419250044
5.07875e-06;0.006017005333777765
5.07900e-06;0.00604553229367332
5.07925e-06;0.006093734840833545
5.07950e-06;0.006141937387993607
5.07975e-06;0.006190139935153669
5.08000e-06;0.006238342482313895
5.08025e-06;0.006286545029473956
5.08050e-06;0.006334747576634181
5.08075e-06;0.006382950123794243
5.08100e-06;0.006431152670954305
5.08125e-06;0.006479355218114531
5.08150e-06;0.006527557765274593
5.08175e-06;0.006575644889040339
5.08200e-06;0.0066231707182925845
5.08225e-06;0.006670696547544669
5.08250e-06;0.006718222376796753
5.08275e-06;0.006765748206048998
5.08300e-06;0.006813274035301083
5.08325e-06;0.006860799864553167
5.08350e-06;0.0069083256938054114
5.08375e-06;0.006955851523057496
5.08400e-06;0.006985828153727176
5.08425e-06;0.0070071831612284535
5.08450e-06;0.007028538168729659
5.08475e-06;0.007049893176230864
5.08500e-06;0.007071248183732142
5.08525e-06;0.007092603191233347
5.08550e-06;0.007113958198734624
5.08575e-06;0.0071353132062358295
5.08600e-06;0.007148847020335752
5.08625e-06;0.007124347011467121
5.08650e-06;0.0070998470025985735
5.08675e-06;0.007075346993730025
5.08700e-06;0.007050846984861394
5.08725e-06;0.007026346975992846
5.08750e-06;0.007001846967124298
5.08775e-06;0.006977346958255666
5.08800e-06;0.006952846949387119
5.08825e-06;0.00692834694051857
5.08850e-06;0.006877108363763235
5.08875e-06;0.00681273358279463
5.08900e-06;0.006748358801826025
5.08925e-06;0.006683984020857203
5.08950e-06;0.006619609239888599
5.08975e-06;0.006555234458919776
5.09000e-06;0.006490859677951172
5.09025e-06;0.006426484896982567
5.09050e-06;0.006362110116013744
5.09075e-06;0.006295421429387993
5.09100e-06;0.006217480409058217
5.09125e-06;0.0061395393887281775
5.09150e-06;0.006061598368398402
5.09175e-06;0.005983657348068626
5.09200e-06;0.005905716327738586
5.09225e-06;0.0058277753074088105
5.09250e-06;0.005749834287079035
5.09275e-06;0.005681131990334943
5.09300e-06;0.005616968521556795
5.09325e-06;0.005552805052778647
5.09350e-06;0.005488641584000282
5.09375e-06;0.005424478115222134
5.09400e-06;0.005360314646443769
5.09425e-06;0.005296151177665621
5.09450e-06;0.005237458698536186
5.09475e-06;0.0052053711939962725
5.09500e-06;0.005173283689456467
5.09525e-06;0.005141196184916662
5.09550e-06;0.005109108680376747
5.09575e-06;0.0050770211758369415
5.09600e-06;0.0050449336712971365
5.09625e-06;0.005012846166757222
5.09650e-06;0.004980758662217416
5.09675e-06;0.004948671157677611
5.09700e-06;0.004916583653137697
5.09725e-06;0.004884496148597891
5.09750e-06;0.004871360352088381
5.09775e-06;0.0048675352078129935
5.09800e-06;0.004863710063537619
5.09825e-06;0.0048598849192622315
5.09850e-06;0.004856059774986857
5.09875e-06;0.004852234630711483
5.09900e-06;0.004848409486436095
5.09925e-06;0.004844584342160721
5.09950e-06;0.004840759197885346
5.09975e-06;0.004836934053609959
5.10000e-06;0.004833108909334584
5.10025e-06;0.004831501111462293
5.10050e-06;0.004840676087546291
5.10075e-06;0.004849851063630259
5.10100e-06;0.004859026039714226
5.10125e-06;0.004868201015798225
5.10150e-06;0.004877375991882192
5.10175e-06;0.004886550967966159
5.10200e-06;0.004895725944050158
5.10225e-06;0.004904900920134125
5.10250e-06;0.004914100826790512
5.10275e-06;0.004923421968778551
5.10300e-06;0.00493274311076659
5.10325e-06;0.0049420642527546604
5.10350e-06;0.0049513853947426995
5.10375e-06;0.0049607065367307385
5.10400e-06;0.004970027678718809
5.10425e-06;0.004979348820706848
5.10450e-06;0.004988669962694887
5.10475e-06;0.004998814343070696
5.10500e-06;0.005012962064301683
5.10525e-06;0.005027109785532669
5.10550e-06;0.005041257506763703
5.10575e-06;0.005055405227994691
5.10600e-06;0.005069552949225677
5.10625e-06;0.005083700670456711
5.10650e-06;0.005097848391687698
5.10675e-06;0.005111996112918732
5.10700e-06;0.005134290248896436
5.10725e-06;0.005160586580060146
5.10750e-06;0.005186882911223945
5.10775e-06;0.005213179242387654
5.10800e-06;0.005239475573551364
5.10825e-06;0.005265771904715163
5.10850e-06;0.0052920682358788725
5.10875e-06;0.005318364567042582
5.10900e-06;0.005345804223340842
5.10925e-06;0.005379468766209673
5.10950e-06;0.005416367101385535
5.10975e-06;0.00545326543656152
5.11000e-06;0.005490163771737381
5.11025e-06;0.005527062106913241
5.11050e-06;0.005563960442089227
5.11075e-06;0.0056008587772650885
5.11100e-06;0.005637757112441074
5.11125e-06;0.005674655447616935
5.11150e-06;0.005711553782792795
5.11175e-06;0.005748452117968782
5.11200e-06;0.005781822947639488
5.11225e-06;0.005813460773775663
5.11250e-06;0.005845098599911946
5.11275e-06;0.005876736426048121
5.11300e-06;0.005908374252184296
5.11325e-06;0.005940012078320579
5.11350e-06;0.005971649904456753
5.11375e-06;0.0060032877305929285
5.11400e-06;0.006034925556729211
5.11425e-06;0.006066563382865387
5.11450e-06;0.006095751081514238
5.11475e-06;0.0061130240108648315
5.11500e-06;0.006130296940215367
5.11525e-06;0.00614756986956596
5.11550e-06;0.006164842798916495
5.11575e-06;0.00618211572826703
5.11600e-06;0.006199388657617624
5.11625e-06;0.006216661586968159
5.11650e-06;0.0062339345163186935
5.11675e-06;0.006251207445669288
5.11700e-06;0.006268480375019822
5.11725e-06;0.006285753304370358
5.11750e-06;0.006303026233720951
5.11775e-06;0.006320299163071487
5.11800e-06;0.006337572092422021
5.11825e-06;0.006354845021772615
5.11850e-06;0.00637211795112315
5.11875e-06;0.006389390880473685
5.11900e-06;0.0064056130237038125
5.11925e-06;0.006416725280093337
5.11950e-06;0.0064278375364829
5.11975e-06;0.006438949792872426
5.12000e-06;0.006450062049261951
5.12025e-06;0.006461174305651514
5.12050e-06;0.0064722865620410385
5.12075e-06;0.006483398818430564
5.12100e-06;0.006494511074820127
5.12125e-06;0.006505623331209652
5.12150e-06;0.006516735587599178
5.12175e-06;0.00652784784398874
5.12200e-06;0.0065389601003782655
5.12225e-06;0.00655007235676779
5.12250e-06;0.006561184613157353
5.12275e-06;0.006572296869546879
5.12300e-06;0.006583409125936404
5.12325e-06;0.006594521382325967
5.12350e-06;0.006604222393288717
5.12375e-06;0.006607060633328296
5.12400e-06;0.006609898873367865
5.12425e-06;0.006612737113407435
5.12450e-06;0.006615575353447013
5.12475e-06;0.006618413593486583
5.12500e-06;0.0066212518335261525
5.12525e-06;0.006624090073565732
5.12550e-06;0.0066269283136053
5.12575e-06;0.00662976655364487
5.12600e-06;0.006632604793684449
5.12625e-06;0.006635443033724018
5.12650e-06;0.0066382812737635875
5.12675e-06;0.006641119513803167
5.12700e-06;0.006643957753842736
5.12725e-06;0.006646795993882305
5.12750e-06;0.006649634233921884
5.12775e-06;0.006652472473961454
5.12800e-06;0.006655310714001033
5.12825e-06;0.006658148954040602
5.12850e-06;0.006660987194080171
5.12875e-06;0.0066638254341197505
5.12900e-06;0.00666666367415932
5.12925e-06;0.006669501914198889
5.12950e-06;0.006672340154238468
5.12975e-06;0.006675178394278038
5.13000e-06;0.006678016634317606
5.13025e-06;0.0066800386783040025
5.13050e-06;0.006678091627734768
5.13075e-06;0.006676144577165534
5.13100e-06;0.006674197526596294
5.13125e-06;0.00667225047602706
5.13150e-06;0.006670303425457826
5.13175e-06;0.006668356374888585
5.13200e-06;0.006666409324319351
5.13225e-06;0.006664462273750111
5.13250e-06;0.0066625152231808765
5.13275e-06;0.006660568172611642
5.13300e-06;0.006658621122042401
5.13325e-06;0.006656674071473167
5.13350e-06;0.006654727020903933
5.13375e-06;0.006652779970334693
5.13400e-06;0.006650832919765459
5.13425e-06;0.006648885869196225
5.13450e-06;0.006646938818626984
5.13475e-06;0.00664499176805775
5.13500e-06;0.0066430447174885155
5.13525e-06;0.006641097666919275
5.13550e-06;0.006639150616350041
5.13575e-06;0.006637203565780807
5.13600e-06;0.006635256515211566
5.13625e-06;0.006633309464642332
5.13650e-06;0.006631362414073092
5.13675e-06;0.006629415363503858
5.13700e-06;0.006626694922690732
5.13725e-06;0.006620213548467323
5.13750e-06;0.006613732174243936
5.13775e-06;0.006607250800020549
5.13800e-06;0.006600769425797141
5.13825e-06;0.006594288051573754
5.13850e-06;0.0065878066773503675
5.13875e-06;0.006581325303126958
5.13900e-06;0.006574843928903572
5.13925e-06;0.006568362554680185
5.13950e-06;0.006561881180456776
5.13975e-06;0.006555399806233389
5.14000e-06;0.006548918432010002
5.14025e-06;0.006542437057786594
5.14050e-06;0.006535955683563207
5.14075e-06;0.006529474309339798
5.14100e-06;0.006522582510547694
5.14125e-06;0.006515489077136805
5.14150e-06;0.0065083956437258905
5.14175e-06;0.006501302210315001
5.14200e-06;0.006494208776904111
5.14225e-06;0.006487115343493197
5.14250e-06;0.006480021910082307
5.14275e-06;0.006472928476671417
5.14300e-06;0.006465835043260503
5.14325e-06;0.006458741609849613
5.14350e-06;0.006451648176438724
5.14375e-06;0.006444554743027809
5.14400e-06;0.00643746130961692
5.14425e-06;0.00643036787620603
5.14450e-06;0.006423274442795116
5.14475e-06;0.006414731654365753
5.14500e-06;0.006399140771195135
5.14525e-06;0.00638354988802457
5.14550e-06;0.0063679590048540055
5.14575e-06;0.006352368121683387
5.14600e-06;0.006336777238512822
5.14625e-06;0.006321186355342258
5.14650e-06;0.006305595472171639
5.14675e-06;0.0062900045890010746
5.14700e-06;0.00627441370583051
5.14725e-06;0.006258822822659892
5.14750e-06;0.006243231939489327
5.14775e-06;0.006224860114946508
5.14800e-06;0.006192964800292685
5.14825e-06;0.006161069485638971
5.14850e-06;0.006129174170985256
5.14875e-06;0.006097278856331433
5.14900e-06;0.006065383541677719
5.14925e-06;0.006033488227023896
5.14950e-06;0.006001592912370182
5.14975e-06;0.005969697597716467
5.15000e-06;0.005937802283062644
5.15025e-06;0.00590590696840893
5.15050e-06;0.005874011653755216
5.15075e-06;0.00584132182602701
5.15100e-06;0.005804768346295919
5.15125e-06;0.005768214866564829
5.15150e-06;0.005731661386833615
5.15175e-06;0.005695107907102525
5.15200e-06;0.005658554427371435
5.15225e-06;0.005622000947640221
5.15250e-06;0.00558544746790913
5.15275e-06;0.00554889398817804
5.15300e-06;0.005518266419401398
5.15325e-06;0.005490550150013485
5.15350e-06;0.005462833880625479
5.15375e-06;0.005435117611237566
5.15400e-06;0.005407401341849653
5.15425e-06;0.005379685072461646
5.15450e-06;0.005351968803073734
5.15475e-06;0.005324252533685821
5.15500e-06;0.005297730077930953
5.15525e-06;0.005277013040089275
5.15550e-06;0.005256296002247598
5.15575e-06;0.00523557896440585
5.15600e-06;0.005214861926564172
5.15625e-06;0.005194144888722494
5.15650e-06;0.0051734278508807465
5.15675e-06;0.005152710813039069
5.15700e-06;0.005131993775197391
5.15725e-06;0.005111276737355643
5.15750e-06;0.0050905596995139656
5.15775e-06;0.005069842661672218
5.15800e-06;0.00504912562383054
5.15825e-06;0.005028408585988862
5.15850e-06;0.005007691548147114
5.15875e-06;0.004986974510305437
5.15900e-06;0.00496655639774902
5.15925e-06;0.004947591934369722
5.15950e-06;0.004928627470990488
5.15975e-06;0.0049096630076112535
5.16000e-06;0.004890698544231955
5.16025e-06;0.004871734080852721
5.16050e-06;0.004852769617473487
5.16075e-06;0.004833805154094189
5.16100e-06;0.004814840690714955
5.16125e-06;0.004795876227335721
5.16150e-06;0.004776911763956422
5.16175e-06;0.004757947300577188
5.16200e-06;0.00473898283719789
5.16225e-06;0.004720018373818656
5.16250e-06;0.004701053910439422
5.16275e-06;0.004682089447060124
5.16300e-06;0.0046647302091866565
5.16325e-06;0.004655177051462216
5.16350e-06;0.004645623893737744
5.16375e-06;0.004636070736013304
5.16400e-06;0.004626517578288864
5.16425e-06;0.004616964420564392
5.16450e-06;0.004607411262839952
5.16475e-06;0.004597858105115512
5.16500e-06;0.004588304947391039
5.16525e-06;0.004578751789666599
5.16550e-06;0.004569198631942159
5.16575e-06;0.004559645474217686
5.16600e-06;0.004550092316493246
5.16625e-06;0.004540539158768774
5.16650e-06;0.004530986001044334
5.16675e-06;0.004521432843319894
5.16700e-06;0.0045118796855954215
5.16725e-06;0.004502326527870981
5.16750e-06;0.004492773370146541
5.16775e-06;0.004483220212422068
5.16800e-06;0.004475017816939532
5.16825e-06;0.0044733840675960776
5.16850e-06;0.004471750318252617
5.16875e-06;0.0044701165689091625
5.16900e-06;0.004468482819565707
5.16925e-06;0.0044668490702222475
5.16950e-06;0.004465215320878792
5.16975e-06;0.004463581571535338
5.17000e-06;0.004461947822191877
5.17025e-06;0.0044603140728484226
5.17050e-06;0.004458680323504962
5.17075e-06;0.004457046574161507
5.17100e-06;0.004455412824818052
5.17125e-06;0.004453779075474592
5.17150e-06;0.004452145326131137
5.17175e-06;0.004450511576787682
5.17200e-06;0.004448877827444222
5.17225e-06;0.004447244078100767
5.17250e-06;0.004445610328757312
5.17275e-06;0.004443976579413852
5.17300e-06;0.004442620657218192
5.17325e-06;0.004442615785684724
5.17350e-06;0.004442610914151257
5.17375e-06;0.00444260604261779
5.17400e-06;0.004442601171084323
5.17425e-06;0.0044425962995508555
5.17450e-06;0.004442591428017388
5.17475e-06;0.0044516891879296085
5.17500e-06;0.00446525891604275
5.17525e-06;0.004478828644155891
5.17550e-06;0.004492398372269078
5.17575e-06;0.00450596810038222
5.17600e-06;0.004519537828495361
5.17625e-06;0.004538288226850657
5.17650e-06;0.004582231800228284
5.17675e-06;0.004626175373605911
5.17700e-06;0.004670118946983686
5.17725e-06;0.004714062520361312
5.17750e-06;0.004758006093738939
5.17775e-06;0.004801949667116714
5.17800e-06;0.004845893240494341
5.17825e-06;0.004889836813871967
5.17850e-06;0.004933780387249742
5.17875e-06;0.004997574895843903
5.17900e-06;0.00507112183169737
5.17925e-06;0.005144668767550589
5.17950e-06;0.005218215703403807
5.17975e-06;0.005291762639257275
5.18000e-06;0.0053653095751104935
5.18025e-06;0.005438856510963711
5.18050e-06;0.0055124034468171795
5.18075e-06;0.005585950382670397
5.18100e-06;0.005660625016183473
5.18125e-06;0.005740783551042653
5.18150e-06;0.00582094208590156
5.18175e-06;0.0059011006207604685
5.18200e-06;0.005981259155619647
5.18225e-06;0.006061417690478556
5.18250e-06;0.006141576225337464
5.18275e-06;0.0062189646943504855
5.18300e-06;0.006282882560061085
5.18325e-06;0.006346800425771901
5.18350e-06;0.0064107182914825
5.18375e-06;0.006474636157193099
5.18400e-06;0.006538554022903914
5.18425e-06;0.006602471888614513
5.18450e-06;0.006661524976287713
5.18475e-06;0.006696921046860665
5.18500e-06;0.006732317117433498
5.18525e-06;0.00676771318800633
5.18550e-06;0.006803109258579283
5.18575e-06;0.006838505329152115
5.18600e-06;0.0068739013997249476
5.18625e-06;0.0069092974702979005
5.18650e-06;0.006944693540870733
5.18675e-06;0.006980089611443565
5.18700e-06;0.007015485682016518
5.18725e-06;0.00705088175258935
5.18750e-06;0.007086277823162302
5.18775e-06;0.007121673893735135
5.18800e-06;0.007157069964307968
5.18825e-06;0.007180176305382294
5.18850e-06;0.007197244911123847
5.18875e-06;0.0072143135168653985
5.18900e-06;0.0072313821226070085
5.18925e-06;0.007248450728348561
5.18950e-06;0.007265519334090113
5.18975e-06;0.007282587939831723
5.19000e-06;0.007299656545573276
5.19025e-06;0.0073167251513148275
5.19050e-06;0.007333793757056437
5.19075e-06;0.007350862362797989
5.19100e-06;0.007367930968539542
5.19125e-06;0.007384999574281152
5.19150e-06;0.007402068180022704
5.19175e-06;0.007417070233555825
5.19200e-06;0.0074220228129820934
5.19225e-06;0.0074269753924083625
5.19250e-06;0.007431927971834648
5.19275e-06;0.007436880551260917
5.19300e-06;0.007441833130687185
5.19325e-06;0.007446785710113471
5.19350e-06;0.00745173828953974
5.19375e-06;0.007456690868966009
5.19400e-06;0.007461643448392294
5.19425e-06;0.007466596027818562
5.19450e-06;0.007471548607244831
5.19475e-06;0.007476501186671117
5.19500e-06;0.007481453766097386
5.19525e-06;0.007486406345523654
5.19550e-06;0.00749135892494994
5.19575e-06;0.007496311504376209
5.19600e-06;0.007501264083802494
5.19625e-06;0.007506216663228763
5.19650e-06;0.007511169242655031
5.19675e-06;0.007516121822081317
5.19700e-06;0.007521074401507586
5.19725e-06;0.007526026980933855
5.19750e-06;0.00753097956036014
5.19775e-06;0.007534223139116554
5.19800e-06;0.007529155987611054
5.19825e-06;0.007524088836105536
5.19850e-06;0.007519021684600036
5.19875e-06;0.007513954533094536
5.19900e-06;0.007508887381589019
5.19925e-06;0.007503820230083519
5.19950e-06;0.007498753078578019
5.19975e-06;0.007493685927072501
5.20000e-06;0.007488618775567001
5.20025e-06;0.007483551624061484
5.20050e-06;0.007478484472555984
5.20075e-06;0.0074734173210504835
5.20100e-06;0.007468350169544967
5.20125e-06;0.007463283018039467
5.20150e-06;0.007458215866533967
5.20175e-06;0.007453148715028449
5.20200e-06;0.007448081563522949
5.20225e-06;0.007443014412017449
5.20250e-06;0.007437947260511932
5.20275e-06;0.007432880109006432
5.20300e-06;0.007427812957500932
5.20325e-06;0.007422745805995414
5.20350e-06;0.007417678654489914
5.20375e-06;0.0074132425403018246
5.20400e-06;0.007411875108895252
5.20425e-06;0.007410507677488684
5.20450e-06;0.007409140246082112
5.20475e-06;0.007407772814675544
5.20500e-06;0.007406405383268976
5.20525e-06;0.007405037951862404
5.20550e-06;0.007403670520455836
5.20575e-06;0.007402303089049268
5.20600e-06;0.0074009356576426955
5.20625e-06;0.0073995682262361275
5.20650e-06;0.0073982007948295595
5.20675e-06;0.007396833363422987
5.20700e-06;0.007395465932016419
5.20725e-06;0.007394098500609851
5.20750e-06;0.007392731069203279
5.20775e-06;0.007391363637796711
5.20800e-06;0.007389996206390143
5.20825e-06;0.007388628774983571
5.20850e-06;0.007387261343577003
5.20875e-06;0.0073858939121704305
5.20900e-06;0.007388060633940301
5.20925e-06;0.007391963625129037
5.20950e-06;0.007395866616317785
5.20975e-06;0.00739976960750652
5.21000e-06;0.007403672598695255
5.21025e-06;0.007407575589884004
5.21050e-06;0.0074114785810727385
5.21075e-06;0.007415381572261474
5.21100e-06;0.007419284563450222
5.21125e-06;0.0074231875546389575
5.21150e-06;0.007427090545827693
5.21175e-06;0.007430993537016441
5.21200e-06;0.0074348965282051765
5.21225e-06;0.007438799519393912
5.21250e-06;0.00744270251058266
5.21275e-06;0.0074466055017713955
5.21300e-06;0.007450508492960144
5.21325e-06;0.007454411484148878
5.21350e-06;0.007458314475337614
5.21375e-06;0.007462217466526362
5.21400e-06;0.007464340540834424
5.21425e-06;0.0074578080251613485
5.21450e-06;0.007451275509488251
5.21475e-06;0.007444742993815177
5.21500e-06;0.007438210478142101
5.21525e-06;0.007431677962469004
5.21550e-06;0.007425145446795929
5.21575e-06;0.007418612931122854
5.21600e-06;0.007412080415449757
5.21625e-06;0.00738616377779128
5.21650e-06;0.007350724050292069
5.21675e-06;0.007315284322792737
5.21700e-06;0.007279844595293525
5.21725e-06;0.007244404867794194
5.21750e-06;0.007208965140294982
5.21775e-06;0.00717352541279577
5.21800e-06;0.007138085685296438
5.21825e-06;0.007098014087920276
5.21850e-06;0.007035418086775364
5.21875e-06;0.006972822085630239
5.21900e-06;0.006910226084485327
5.21925e-06;0.006847630083340414
5.21950e-06;0.006785034082195289
5.21975e-06;0.006722438081050377
5.22000e-06;0.006659842079905464
5.22025e-06;0.00659724607876034
5.22050e-06;0.006532990178037903
5.22075e-06;0.006460662321649545
5.22100e-06;0.006388334465260943
5.22125e-06;0.006316006608872587
5.22150e-06;0.006243678752483985
5.22175e-06;0.006171350896095627
5.22200e-06;0.006099023039707271
5.22225e-06;0.006026695183318669
5.22250e-06;0.005954367326930312
5.22275e-06;0.00588498242741767
5.22300e-06;0.0058299088861023095
5.22325e-06;0.005774835344787136
5.22350e-06;0.005719761803471962
5.22375e-06;0.005664688262156601
5.22400e-06;0.005609614720841428
5.22425e-06;0.005554541179526254
5.22450e-06;0.005499467638210893
5.22475e-06;0.00544439409689572
5.22500e-06;0.005415689171325451
5.22525e-06;0.005399938698727185
5.22550e-06;0.005384188226128971
5.22575e-06;0.005368437753530705
5.22600e-06;0.005352687280932492
5.22625e-06;0.005336936808334279
5.22650e-06;0.005321186335736013
5.22675e-06;0.0053054358631378
5.22700e-06;0.005297019646743207
5.22725e-06;0.005324269317434259
5.22750e-06;0.005351518988125219
5.22775e-06;0.0053787686588161795
5.22800e-06;0.0054060183295072325
5.22825e-06;0.005433268000198193
5.22850e-06;0.005460517670889153
5.22875e-06;0.005487767341580206
5.22900e-06;0.005515017012271166
5.22925e-06;0.005547166021415191
5.22950e-06;0.005603140112094205
5.22975e-06;0.005659114202773029
5.23000e-06;0.005715088293452043
5.23025e-06;0.005771062384130867
5.23050e-06;0.005827036474809691
5.23075e-06;0.0058830105654887055
5.23100e-06;0.00593898465616753
5.23125e-06;0.005994958746846355
5.23150e-06;0.006051519205693179
5.23175e-06;0.006110931124903285
5.23200e-06;0.006170343044113391
5.23225e-06;0.006229754963323698
5.23250e-06;0.006289166882533804
5.23275e-06;0.0063485788017439105
5.23300e-06;0.006407990720954218
5.23325e-06;0.006467402640164324
5.23350e-06;0.006523444702717399
5.23375e-06;0.006563099428414425
5.23400e-06;0.006602754154111316
5.23425e-06;0.006642408879808208
5.23450e-06;0.006682063605505234
5.23475e-06;0.006721718331202125
5.23500e-06;0.006761373056899151
5.23525e-06;0.006801027782596043
5.23550e-06;0.006835521614785425
5.23575e-06;0.0068449184446427325
5.23600e-06;0.006854315274500008
5.23625e-06;0.006863712104357285
5.23650e-06;0.006873108934214592
5.23675e-06;0.006882505764071869
5.23700e-06;0.006891902593929145
5.23725e-06;0.006901299423786453
5.23750e-06;0.0069106962536437284
5.23775e-06;0.006920093083501004
5.23800e-06;0.006929489913358312
5.23825e-06;0.006938886743215589
5.23850e-06;0.006948283573072865
5.23875e-06;0.006953608670553528
5.23900e-06;0.0069391332670566755
5.23925e-06;0.006924657863559774
5.23950e-06;0.006910182460062922
5.23975e-06;0.00689570705656607
5.24000e-06;0.006881231653069168
5.24025e-06;0.006866756249572316
5.24050e-06;0.006852280846075464
5.24075e-06;0.006837805442578562
5.24100e-06;0.00682333003908171
5.24125e-06;0.006808854635584858
5.24150e-06;0.006794379232087956
5.24175e-06;0.006779903828591104
5.24200e-06;0.00676517204136403
5.24225e-06;0.006749193481060781
5.24250e-06;0.006733214920757586
5.24275e-06;0.006717236360454391
5.24300e-06;0.006701257800151142
5.24325e-06;0.006685279239847947
5.24350e-06;0.006669300679544697
5.24375e-06;0.006653322119241502
5.24400e-06;0.006637343558938307
5.24425e-06;0.006621364998635058
5.24450e-06;0.0066053864383318625
5.24475e-06;0.006589407878028667
5.24500e-06;0.0065734293177254184
5.24525e-06;0.006557450757422223
5.24550e-06;0.006541472197119028
5.24575e-06;0.006525493636815778
5.24600e-06;0.006509515076512583
5.24625e-06;0.006494047025526371
5.24650e-06;0.006478829779095025
5.24675e-06;0.0064636125326637305
5.24700e-06;0.006448395286232436
5.24725e-06;0.00643317803980109
5.24750e-06;0.0064179607933697955
5.24775e-06;0.006402743546938449
5.24800e-06;0.006387526300507155
5.24825e-06;0.006372309054075861
5.24850e-06;0.006357091807644514
5.24875e-06;0.00634187456121322
5.24900e-06;0.006326657314781926
5.24925e-06;0.006311440068350579
5.24950e-06;0.006296222821919285
5.24975e-06;0.006281005575487991
